0 0.034815 0.402278 0.003891 0.009128
0 0.381612 0.417997 0.009172 0.009868
0 0.058309 0.410526 0.008136 0.021711
0 0.212401 0.372368 0.002712 0.011184
0 0.516889 0.430263 0.003698 0.005263
0 0.201183 0.424342 0.006410 0.021711
0 0.275025 0.395559 0.002712 0.005592
0 0.059570 0.487857 0.034361 0.027641
0 0.108358 0.411020 0.006164 0.021382
0 0.015533 0.411513 0.004931 0.025658
0 0.265106 0.359076 0.002367 0.007895
0 0.426529 0.555921 0.043886 0.068421
0 0.214374 0.371875 0.002712 0.011513
0 0.013683 0.496875 0.027367 0.105592
0 0.100148 0.396893 0.003501 0.014569
0 0.021721 0.429276 0.008826 0.030263
0 0.280889 0.358120 0.002226 0.006655
0 0.228674 0.426809 0.006657 0.009539
0 0.260329 0.363816 0.002073 0.006579
0 0.176488 0.378383 0.004815 0.012444
0 0.124753 0.385362 0.003945 0.013487
0 0.500370 0.596546 0.031805 0.027961
0 0.272559 0.422533 0.009122 0.014803
0 0.053807 0.418021 0.005301 0.012734
0 0.490582 0.567763 0.046450 0.053289
0 0.253452 0.426974 0.005917 0.014474
0 0.015518 0.434470 0.012875 0.018388
0 0.061760 0.429276 0.011095 0.018421
0 0.262655 0.362913 0.001183 0.004964
0 0.022806 0.407730 0.005671 0.019408
0 0.270991 0.362609 0.002465 0.008882
0 0.506287 0.428783 0.007150 0.008224
0 0.298936 0.364012 0.002128 0.007832
0 0.118269 0.414474 0.008235 0.026316
0 0.448767 0.519030 0.020611 0.081020
0 0.047369 0.416707 0.004847 0.013336
0 0.292160 0.393398 0.005917 0.007566
0 0.162475 0.396875 0.003452 0.016118
0 0.114359 0.415768 0.005187 0.022609
0 0.428871 0.505428 0.025394 0.041776
0 0.376376 0.418395 0.007890 0.010197
0 0.207224 0.372533 0.003205 0.010855
0 0.039080 0.412836 0.004137 0.020908
0 0.097251 0.396053 0.003575 0.016447
0 0.006534 0.418092 0.008136 0.017763
0 0.302023 0.394051 0.002631 0.002668
