0 0.281101 0.324158 0.004569 0.008533
0 0.453744 0.350775 0.003858 0.005148
0 0.454607 0.347322 0.003148 0.003658
0 0.445724 0.350979 0.002231 0.003385
0 0.448973 0.346916 0.004874 0.005826
0 0.432835 0.327500 0.008969 0.003500
0 0.350788 0.309814 0.003148 0.009076
0 0.348714 0.322355 0.004154 0.007349
0 0.413295 0.340934 0.005234 0.012783
0 0.419036 0.735220 0.065311 0.229487
0 0.585365 0.363709 0.002495 0.003760
0 0.340646 0.333378 0.003092 0.016757
0 0.388575 0.332824 0.002658 0.003655
0 0.420541 0.341150 0.002335 0.007201
0 0.281001 0.405352 0.011982 0.020500
0 0.652050 0.509722 0.013503 0.016345
0 0.485118 0.357747 0.005074 0.008164
0 0.472073 0.325465 0.002495 0.005477
0 0.352339 0.323258 0.002512 0.005286
0 0.986755 0.588987 0.026381 0.043217
0 0.214628 0.356844 0.009739 0.013181
0 0.463982 0.305484 0.001450 0.003974
0 0.405404 0.326646 0.002978 0.010852
0 0.447837 0.339914 0.005234 0.011605
0 0.234990 0.378447 0.010725 0.020112
0 0.345429 0.346656 0.003767 0.017530
0 0.376457 0.340880 0.005473 0.012247
0 0.192099 0.332781 0.006684 0.017510
0 0.086499 0.567597 0.051351 0.158977
0 0.408141 0.327398 0.002175 0.009776
0 0.190445 0.368891 0.006260 0.026546
0 0.309364 0.378031 0.005636 0.011280
0 0.322212 0.453696 0.039132 0.050661
0 0.257579 0.338413 0.003767 0.013470
0 0.291276 0.322730 0.005663 0.006776
0 0.371043 0.344984 0.004709 0.004967
0 0.445946 0.303503 0.001773 0.007072
0 0.297571 0.432618 0.009566 0.054145
0 0.637229 0.506563 0.018087 0.023388
0 0.319554 0.432939 0.010823 0.023076
0 0.898529 0.563367 0.037290 0.050865
0 0.562014 0.367684 0.006524 0.003974
0 0.440873 0.326594 0.005316 0.006661
0 0.177784 0.366109 0.009877 0.021349
0 0.525837 0.705140 0.085288 0.297701
0 0.174444 0.375112 0.007931 0.029704
0 0.466317 0.314508 0.003220 0.008918
0 0.445905 0.334919 0.003462 0.004622
0 0.307284 0.375076 0.004292 0.008414
0 0.384267 0.324498 0.004509 0.013431
0 0.400168 0.309594 0.003092 0.010957
0 0.496270 0.358016 0.005636 0.010204
0 0.449449 0.313112 0.002818 0.009132
0 0.364435 0.449183 0.021159 0.030036
0 0.246725 0.327977 0.009090 0.009408
0 0.140791 0.328016 0.003767 0.007993
0 0.195963 0.360245 0.005895 0.009799
0 0.287523 0.412572 0.004347 0.012763
0 0.428915 0.360595 0.002658 0.004836
0 0.292209 0.410766 0.004250 0.007862
0 0.443007 0.343620 0.004105 0.009345
0 0.339941 0.457434 0.037490 0.050664
0 0.316733 0.347365 0.002608 0.010441
0 0.990706 0.630309 0.018587 0.034974
0 0.185054 0.332620 0.006282 0.019549
0 0.871746 0.568566 0.034645 0.054204
0 0.450995 0.440012 0.010436 0.013924
0 0.200263 0.373007 0.005796 0.006704
0 0.592496 0.489298 0.038262 0.054576
0 0.464062 0.310694 0.002256 0.007737
0 0.431089 0.344533 0.004751 0.007520
0 0.933390 0.607783 0.033614 0.191289
0 0.358764 0.312559 0.003188 0.011217
0 0.291418 0.339643 0.005700 0.020885
0 0.435035 0.308975 0.002495 0.010313
0 0.231463 0.331263 0.005604 0.019079
0 0.506335 0.318643 0.003380 0.005799
0 0.222816 0.379220 0.011691 0.015211
0 0.500820 0.308117 0.001368 0.006661
0 0.280210 0.349248 0.007825 0.024365
0 0.244217 0.363814 0.006955 0.020240
0 0.250836 0.335840 0.005508 0.013536
0 0.350261 0.317651 0.003383 0.012118
0 0.280498 0.336804 0.004734 0.008760
0 0.262494 0.424174 0.016146 0.012507
0 0.741228 0.548232 0.026588 0.008010
0 0.961711 0.625298 0.039403 0.067720
0 0.547664 0.323222 0.001625 0.002319
0 0.386039 0.340344 0.003222 0.007306
0 0.514587 0.319556 0.002818 0.007197
0 0.223008 0.373549 0.010725 0.017276
0 0.233029 0.428041 0.034687 0.019464
0 0.544783 0.372036 0.005074 0.006658
0 0.676397 0.537750 0.028523 0.063487
0 0.336958 0.319306 0.003299 0.006118
0 0.237984 0.327398 0.003380 0.013664
0 0.428432 0.316173 0.002978 0.012030
0 0.333756 0.318474 0.004312 0.007053
0 0.337072 0.341113 0.002320 0.011602
0 0.520023 0.323370 0.001610 0.002793
0 0.405364 0.311337 0.001930 0.008595
0 0.482018 0.318161 0.002256 0.007842
0 0.672083 0.567544 0.073047 0.046964
0 0.328929 0.384715 0.007073 0.030319
0 0.227950 0.427010 0.038272 0.014053
0 0.330208 0.315967 0.002784 0.005382
0 0.458717 0.463867 0.032281 0.037128
0 0.425010 0.342064 0.004832 0.011602
0 0.135863 0.326663 0.002608 0.003997
0 0.263755 0.431844 0.032175 0.011345
0 0.363364 0.390982 0.008232 0.021194
0 0.418810 0.320845 0.002739 0.012783
0 0.343073 0.391212 0.008000 0.036201
0 0.753540 0.554262 0.018102 0.010043
0 0.443007 0.370155 0.006521 0.017296
0 0.238438 0.416762 0.028311 0.022688
0 0.458828 0.309888 0.002093 0.007842
0 0.343883 0.322613 0.004734 0.005799
0 0.221432 0.405738 0.007633 0.012503
0 0.509067 0.487433 0.055412 0.023411
0 0.398526 0.443431 0.014734 0.076632
0 0.243336 0.337692 0.002875 0.012201
0 0.900957 0.579694 0.037441 0.036033
0 0.314820 0.430490 0.005799 0.008638
0 0.528591 0.321597 0.003592 0.006497
0 0.174667 0.328538 0.006119 0.015688
0 0.499047 0.307632 0.002335 0.007197
0 0.381288 0.331911 0.003060 0.003974
0 0.211993 0.337646 0.003962 0.006576
0 0.399525 0.359197 0.005555 0.006770
0 0.361034 0.327191 0.004638 0.007993
0 0.989880 0.724750 0.020239 0.021184
0 0.379054 0.314686 0.004154 0.007220
0 0.309582 0.322523 0.007246 0.007941
0 0.516100 0.489309 0.039596 0.010724
0 0.235666 0.349571 0.007825 0.011602
0 0.243203 0.378964 0.005508 0.020112
0 0.248226 0.378512 0.004154 0.018694
0 0.207959 0.408528 0.017633 0.098109
0 0.539954 0.309145 0.001506 0.003250
0 0.806275 0.501633 0.012258 0.015056
0 0.370546 0.316812 0.002039 0.004513
0 0.415870 0.490546 0.043077 0.038539
0 0.340341 0.319344 0.003356 0.005747
0 0.230979 0.340868 0.012175 0.005026
0 0.712216 0.544887 0.041198 0.070747
0 0.465714 0.302046 0.001852 0.007414
0 0.444979 0.377890 0.007567 0.018155
0 0.461970 0.314077 0.002258 0.008701
0 0.489015 0.483444 0.032601 0.006454
0 0.237612 0.342964 0.004238 0.019941
0 0.237017 0.330313 0.004443 0.008934
0 0.227495 0.355780 0.003526 0.011237
