0 0.636410 0.402753 0.004985 0.006500
0 0.287993 0.321416 0.003057 0.013089
0 0.231441 0.384120 0.006299 0.013339
0 0.509837 0.298240 0.001627 0.006612
0 0.262999 0.316349 0.003479 0.011579
0 0.172456 0.328979 0.007012 0.011451
0 0.465496 0.312599 0.002441 0.009539
0 0.224755 0.370992 0.009218 0.038451
0 0.253576 0.334064 0.003464 0.011740
0 0.173360 0.320329 0.004117 0.007171
0 0.285060 0.320411 0.003785 0.006743
0 0.281266 0.319998 0.003804 0.006385
0 0.533840 0.298911 0.001289 0.006454
0 0.405217 0.301743 0.004975 0.015789
0 0.498269 0.396651 0.004107 0.005243
0 0.535975 0.299086 0.002014 0.006368
0 0.364047 0.312266 0.005619 0.007072
0 0.494142 0.389526 0.011711 0.015934
0 0.086366 0.407100 0.020059 0.084003
0 0.561509 0.398191 0.014492 0.014388
0 0.207281 0.362878 0.009463 0.013921
0 0.643542 0.403294 0.008582 0.018102
0 0.231032 0.319010 0.003785 0.016651
0 0.246249 0.312885 0.003301 0.013645
0 0.212928 0.333946 0.005811 0.011760
0 0.005708 0.388459 0.011415 0.072398
0 0.198903 0.331673 0.007012 0.012030
0 0.306156 0.321426 0.003945 0.015898
0 0.486414 0.318676 0.002897 0.004299
0 0.238237 0.311543 0.003220 0.015901
0 0.216532 0.365757 0.009322 0.022276
0 0.442039 0.304862 0.001469 0.003842
0 0.187240 0.356459 0.003676 0.005569
0 0.243070 0.312563 0.002899 0.015362
0 0.235298 0.320512 0.003624 0.015148
0 0.180270 0.330872 0.007813 0.009355
0 0.245958 0.323304 0.004682 0.012964
0 0.234292 0.308748 0.004186 0.009023
0 0.666318 0.402319 0.008617 0.019770
0 0.228898 0.319760 0.003383 0.014934
0 0.501627 0.320396 0.001233 0.002365
0 0.189135 0.361003 0.011800 0.015757
0 0.441102 0.308357 0.001829 0.009339
