0 0.126233 0.412829 0.006903 0.022368
0 0.632065 0.422844 0.004426 0.004885
0 0.073225 0.433553 0.009369 0.013816
0 0.350345 0.501645 0.011834 0.055263
0 0.126750 0.718092 0.069083 0.245395
0 0.304364 0.399836 0.004191 0.004934
0 0.305471 0.504332 0.011095 0.018836
0 0.246647 0.660033 0.049606 0.204934
0 0.136674 0.494243 0.014965 0.066118
0 0.091256 0.402597 0.012202 0.006878
0 0.324338 0.474824 0.012468 0.021470
0 0.304798 0.511451 0.024280 0.033414
0 0.322608 0.417763 0.003698 0.005263
0 0.016997 0.409263 0.012411 0.012632
0 0.004534 0.438523 0.007258 0.015013
0 0.157051 0.499507 0.015286 0.056250
0 0.248028 0.394572 0.006410 0.009539
0 0.078990 0.634518 0.027700 0.151319
0 0.056354 0.383602 0.003945 0.015789
0 0.056988 0.423957 0.003661 0.009599
0 0.133013 0.421382 0.005671 0.005921
0 0.018738 0.439408 0.022194 0.017684
0 0.310541 0.363992 0.003030 0.005832
0 0.402244 0.424507 0.008136 0.014803
0 0.323404 0.502217 0.020599 0.071026
0 0.226948 0.491118 0.016519 0.067763
0 0.091186 0.617533 0.045439 0.150197
0 0.020407 0.426340 0.007165 0.022977
0 0.005449 0.399342 0.004980 0.017763
0 0.247399 0.364092 0.003180 0.005230
0 0.356509 0.425000 0.003452 0.004605
0 0.286541 0.374191 0.002806 0.008132
0 0.636551 0.422423 0.005049 0.005727
0 0.006333 0.422015 0.010609 0.014523
0 0.339250 0.424013 0.004438 0.006579
0 0.407421 0.508717 0.014546 0.049013
0 0.287229 0.448684 0.002959 0.005263
0 0.388807 0.430757 0.003945 0.008882
0 0.286158 0.365214 0.001896 0.010888
0 0.061255 0.431365 0.010035 0.018849
0 0.122940 0.515497 0.018321 0.017461
