0 0.304867 0.336293 0.005878 0.009132
0 0.380477 0.319285 0.002147 0.012622
0 0.382120 0.348156 0.004497 0.007523
0 0.477239 0.437035 0.020291 0.066365
0 0.496600 0.487265 0.052258 0.010635
0 0.650753 0.512449 0.014144 0.016089
0 0.691800 0.511523 0.025276 0.042388
0 0.361924 0.352946 0.001945 0.002056
0 0.473342 0.364090 0.002685 0.004655
0 0.339411 0.339696 0.002549 0.016023
0 0.925452 0.584308 0.086684 0.040655
0 0.358400 0.312660 0.003220 0.010477
0 0.678903 0.449253 0.014265 0.029388
0 0.407987 0.332893 0.002951 0.010655
0 0.265969 0.394993 0.017796 0.018368
0 0.979597 0.673132 0.040806 0.089487
0 0.004402 0.392732 0.008804 0.078898
0 0.371887 0.338979 0.003893 0.014056
0 0.498282 0.441676 0.017160 0.061727
0 0.373543 0.474599 0.028905 0.045230
0 0.748434 0.384436 0.002885 0.003464
0 0.433452 0.307109 0.001543 0.007250
0 0.591853 0.486230 0.035944 0.049039
0 0.256595 0.349722 0.008536 0.022023
0 0.306309 0.458645 0.029872 0.047270
0 0.330292 0.316669 0.002616 0.005372
0 0.570455 0.302678 0.000737 0.003132
0 0.315528 0.432058 0.007569 0.013859
0 0.331997 0.342293 0.003018 0.012803
0 0.573107 0.303618 0.001879 0.002329
0 0.483542 0.358362 0.006575 0.008059
0 0.535896 0.372104 0.005427 0.006313
0 0.417784 0.362077 0.003757 0.016023
0 0.461801 0.337189 0.004159 0.008148
0 0.317629 0.336454 0.004347 0.018263
0 0.309893 0.443498 0.018198 0.031582
0 0.316945 0.350260 0.007327 0.010421
0 0.360256 0.449783 0.023915 0.033408
0 0.410067 0.346232 0.001879 0.006714
0 0.477670 0.338398 0.004226 0.006270
0 0.359340 0.331505 0.004159 0.014503
0 0.226363 0.345122 0.004679 0.012678
0 0.720195 0.298577 0.001543 0.005016
0 0.611331 0.518484 0.025508 0.023513
0 0.347094 0.339875 0.001812 0.010651
0 0.660307 0.334566 0.002818 0.003579
0 0.637339 0.396426 0.006723 0.008201
0 0.570123 0.373961 0.004591 0.003342
0 0.357159 0.352049 0.003020 0.003849
0 0.465928 0.344082 0.002616 0.005283
0 0.252530 0.322612 0.003654 0.011507
0 0.230235 0.344457 0.004973 0.008388
0 0.269124 0.325049 0.006432 0.015605
0 0.250046 0.320952 0.003947 0.015214
0 0.290213 0.379283 0.005555 0.033013
0 0.394747 0.417850 0.009169 0.043063
0 0.421265 0.444974 0.011859 0.017618
0 0.342129 0.340457 0.003691 0.017191
0 0.259816 0.366911 0.004509 0.016868
0 0.396882 0.346187 0.002350 0.009132
0 0.451065 0.347038 0.002283 0.008148
0 0.279222 0.351227 0.007892 0.023099
0 0.285816 0.425610 0.014492 0.017082
0 0.447106 0.360556 0.004295 0.011368
0 0.348100 0.335712 0.003153 0.016655
0 0.747875 0.429163 0.004832 0.005030
0 0.226280 0.328936 0.002658 0.007089
0 0.431204 0.347260 0.002281 0.008237
0 0.396378 0.317090 0.003087 0.010563
0 0.374538 0.346053 0.002616 0.003671
0 0.204057 0.339194 0.008134 0.008059
0 0.467739 0.340637 0.003018 0.007339
0 0.349745 0.328594 0.003356 0.012444
0 0.719453 0.545944 0.029798 0.070697
0 0.285141 0.355954 0.002658 0.013000
0 0.571730 0.301021 0.001275 0.004115
0 0.963924 0.627375 0.052315 0.068500
0 0.521355 0.438118 0.004638 0.005414
0 0.628353 0.397819 0.002668 0.003250
0 0.364842 0.328684 0.003757 0.005105
0 0.746860 0.458748 0.014204 0.023720
0 0.495551 0.301380 0.001477 0.004207
0 0.361286 0.313913 0.002014 0.010115
0 0.433820 0.344217 0.003356 0.005730
0 0.753479 0.427809 0.017007 0.017276
0 0.351770 0.312965 0.001972 0.008201
0 0.293634 0.343653 0.003703 0.016115
0 0.240531 0.323993 0.002818 0.006658
0 0.372191 0.319105 0.003153 0.012263
0 0.621403 0.301155 0.001208 0.003401
0 0.427212 0.334280 0.002751 0.007520
0 0.269994 0.406059 0.010387 0.012355
0 0.672586 0.428604 0.014147 0.025832
0 0.534691 0.310582 0.001142 0.001434
0 0.424694 0.344082 0.006844 0.013875
0 0.174063 0.332217 0.005316 0.008908
0 0.486456 0.454128 0.010900 0.013612
0 0.505355 0.441908 0.013220 0.058474
0 0.263471 0.432219 0.031321 0.009240
0 0.257441 0.334414 0.004591 0.018908
0 0.462573 0.306260 0.002078 0.007520
0 0.535060 0.328189 0.003015 0.002937
0 0.527212 0.514692 0.014029 0.031095
0 0.335419 0.341038 0.002347 0.014056
0 0.423990 0.365972 0.003286 0.010562
0 0.197454 0.360572 0.007488 0.012355
0 0.289883 0.414923 0.010387 0.018477
0 0.994040 0.629316 0.011921 0.022296
0 0.444254 0.333296 0.003153 0.004118
0 0.287475 0.321737 0.003462 0.015257
0 0.235057 0.381635 0.007165 0.009980
0 0.237875 0.323671 0.002658 0.006013
0 0.216940 0.369974 0.008940 0.040822
0 0.907292 0.310400 0.002162 0.003852
0 0.181471 0.333770 0.006442 0.016112
0 0.881081 0.562077 0.017833 0.040365
0 0.755648 0.385013 0.003462 0.003849
0 0.484715 0.336250 0.005836 0.005191
0 0.290534 0.324368 0.003785 0.011711
0 0.429324 0.355452 0.002682 0.002773
0 0.507833 0.488339 0.052821 0.019875
0 0.667310 0.384436 0.004058 0.005878
0 0.424662 0.376266 0.005838 0.018086
0 0.309949 0.569419 0.059435 0.090115
0 0.459285 0.306571 0.002347 0.007431
0 0.300398 0.346715 0.002897 0.013214
0 0.193549 0.367933 0.009500 0.025569
0 0.466264 0.360064 0.005032 0.013786
0 0.233317 0.428727 0.046541 0.018586
0 0.686342 0.333089 0.001477 0.002059
0 0.687718 0.333895 0.001408 0.002059
0 0.538549 0.310179 0.001344 0.001878
0 0.335175 0.451609 0.015942 0.075954
0 0.445462 0.347530 0.002616 0.003401
0 0.230709 0.334199 0.004268 0.016760
0 0.594564 0.316061 0.001474 0.003135
0 0.235984 0.330762 0.003220 0.017405
0 0.738744 0.436704 0.010338 0.014954
0 0.370143 0.362974 0.004832 0.015309
0 0.455360 0.340278 0.004428 0.009490
0 0.453916 0.360421 0.002078 0.002862
0 0.643164 0.315275 0.002350 0.004924
0 0.297379 0.327699 0.002495 0.006122
0 0.545148 0.327337 0.002549 0.002477
0 0.258086 0.327808 0.004268 0.010635
0 0.476294 0.364137 0.002682 0.004747
0 0.601744 0.302992 0.001477 0.002595
0 0.463947 0.334862 0.002549 0.003132
0 0.404128 0.333385 0.002616 0.010026
0 0.340449 0.419326 0.009581 0.023421
0 0.206706 0.354171 0.004591 0.010849
0 0.242547 0.331298 0.004107 0.018477
0 0.375108 0.318837 0.002682 0.013161
0 0.171810 0.366321 0.011272 0.025352
0 0.480623 0.344755 0.001945 0.003760
0 0.233979 0.350729 0.010468 0.011924
0 0.235661 0.350059 0.009339 0.011039
0 0.286187 0.379722 0.004268 0.034109
0 0.362125 0.397579 0.005838 0.017737
0 0.519988 0.326410 0.002549 0.003405
0 0.228415 0.335595 0.004186 0.018263
0 0.684497 0.333895 0.003960 0.003849
0 0.440933 0.307826 0.002014 0.007967
0 0.337565 0.340770 0.003153 0.014592
0 0.300512 0.429962 0.012641 0.052641
0 0.540742 0.321536 0.001391 0.002632
0 0.263190 0.424214 0.014172 0.014072
0 0.544677 0.310763 0.000907 0.001382
0 0.264043 0.349883 0.005394 0.021701
0 0.483844 0.366599 0.002885 0.005908
0 0.856092 0.559433 0.032278 0.039911
0 0.692901 0.559942 0.045801 0.069615
0 0.323701 0.425610 0.014734 0.045872
0 0.421877 0.331817 0.002685 0.006714
0 0.442912 0.361362 0.003960 0.013520
0 0.193067 0.353429 0.002416 0.002793
0 0.423621 0.350798 0.002414 0.014056
0 0.543097 0.512837 0.036060 0.042234
0 0.511320 0.349363 0.002147 0.002418
0 0.653431 0.332688 0.003824 0.006625
0 0.412886 0.344664 0.004159 0.011638
0 0.474046 0.356035 0.005301 0.010924
0 0.398291 0.330564 0.004226 0.010655
0 0.222633 0.359120 0.008481 0.014951
0 0.259986 0.354308 0.004238 0.010924
0 0.246244 0.332237 0.004529 0.015513
0 0.246896 0.328645 0.002406 0.007678
0 0.250720 0.338056 0.005725 0.012026
0 0.183531 0.318225 0.010232 0.007155
0 0.391431 0.313592 0.002315 0.012191
0 0.400083 0.307661 0.003045 0.011053
0 0.501590 0.301336 0.002549 0.004836
0 0.270163 0.351549 0.006844 0.021809
0 0.137629 0.324584 0.006201 0.012997
0 0.352690 0.341470 0.004995 0.008776
0 0.347695 0.310587 0.002559 0.011378
0 0.344101 0.307253 0.002192 0.005362
0 0.392860 0.401638 0.002337 0.004336
0 0.350727 0.453857 0.019596 0.007720
0 0.368240 0.463406 0.038782 0.013273
0 0.316871 0.320681 0.002046 0.008388
0 0.335417 0.456444 0.030276 0.046730
0 0.464888 0.309123 0.002281 0.008418
0 0.281548 0.405039 0.015459 0.022559
0 0.471095 0.308273 0.002885 0.008862
0 0.635796 0.518097 0.015306 0.044089
