0 0.196511 0.378332 0.003279 0.011217
0 0.944355 0.467498 0.006812 0.008819
0 0.297163 0.514692 0.010994 0.068687
0 0.236368 0.362345 0.002899 0.004487
0 0.420134 0.500336 0.022359 0.075066
0 0.634958 0.569465 0.023082 0.102970
0 0.019793 0.462993 0.012801 0.046967
0 0.184630 0.405919 0.004250 0.004510
0 0.176368 0.368985 0.003767 0.013405
0 0.241180 0.361572 0.003247 0.006342
0 0.040455 0.484898 0.019342 0.028401
0 0.914337 0.470664 0.019236 0.026625
0 0.224947 0.380988 0.002552 0.004641
0 0.299320 0.480722 0.011410 0.051977
0 0.314625 0.477288 0.017811 0.058477
0 0.043608 0.390837 0.004929 0.019207
0 0.287215 0.511724 0.012798 0.076855
0 0.008035 0.459651 0.009601 0.046224
0 0.348143 0.359240 0.003338 0.004454
0 0.028486 0.407079 0.006958 0.022046
0 0.304545 0.350202 0.002433 0.008043
0 0.027515 0.472367 0.005148 0.027845
0 0.099380 0.481742 0.012522 0.021720
0 0.246976 0.379130 0.004174 0.005569
0 0.239555 0.356544 0.003942 0.004332
0 0.221700 0.371938 0.002552 0.013151
0 0.026325 0.423046 0.011787 0.015730
0 0.015378 0.420518 0.010525 0.014043
0 0.051903 0.409143 0.011578 0.010391
0 0.065218 0.388449 0.004287 0.008220
0 0.061059 0.387141 0.003711 0.006039
0 0.135444 0.374765 0.003679 0.006964
0 0.129994 0.374044 0.003770 0.011214
0 0.050179 0.384785 0.002996 0.005299
0 0.047729 0.386212 0.003506 0.007641
0 0.149310 0.367566 0.002899 0.010184
0 0.156395 0.366711 0.002416 0.013020
0 0.054463 0.385312 0.005572 0.006875
0 0.159556 0.388837 0.004349 0.007734
0 0.806744 0.453821 0.016590 0.017964
0 0.415805 0.455105 0.008415 0.023737
0 0.493825 0.564492 0.041837 0.042984
0 0.489739 0.448689 0.012983 0.024378
0 0.275027 0.424794 0.007406 0.008056
0 0.760701 0.458635 0.013464 0.018605
0 0.163179 0.370918 0.003671 0.013664
0 0.113224 0.483321 0.014608 0.023391
0 0.241122 0.378434 0.003595 0.007270
0 0.234744 0.379671 0.003363 0.006651
0 0.260658 0.357010 0.002781 0.008974
0 0.187818 0.380651 0.003866 0.006316
0 0.023481 0.435332 0.007653 0.023947
0 0.646621 0.565942 0.027172 0.102984
0 0.270518 0.419745 0.007890 0.019444
0 0.746036 0.583901 0.029813 0.095914
0 0.138685 0.375033 0.002843 0.009342
0 0.175498 0.380780 0.003575 0.010184
0 0.133757 0.399668 0.005316 0.021658
0 0.284084 0.469212 0.017113 0.036385
