0 0.131206 0.323697 0.005508 0.007349
0 0.304877 0.422613 0.010049 0.013536
0 0.906016 0.368113 0.008348 0.014293
0 0.306473 0.339062 0.003868 0.018434
0 0.444429 0.330349 0.001812 0.002776
0 0.418362 0.350627 0.004697 0.010207
0 0.589460 0.482602 0.031055 0.043572
0 0.297050 0.322821 0.003962 0.014569
0 0.370726 0.327268 0.003479 0.013924
0 0.267967 0.325656 0.003962 0.014826
0 0.337875 0.443498 0.013817 0.025398
0 0.544058 0.322957 0.001538 0.002112
0 0.228698 0.323967 0.003575 0.008895
0 0.559458 0.314564 0.001119 0.001740
0 0.181471 0.365183 0.008454 0.007865
0 0.919929 0.425569 0.007515 0.009283
0 0.571562 0.358461 0.002616 0.004026
0 0.267918 0.333326 0.007729 0.007993
0 0.179257 0.341020 0.002256 0.010421
0 0.438156 0.327888 0.002549 0.007342
0 0.912346 0.369599 0.004593 0.008724
0 0.121545 0.318283 0.006087 0.007862
0 0.492070 0.349334 0.003558 0.005451
0 0.434264 0.361416 0.004159 0.004924
0 0.431143 0.347628 0.002350 0.004743
0 0.546177 0.322957 0.002611 0.001987
0 0.689138 0.532859 0.041674 0.126441
0 0.245099 0.401360 0.017530 0.022464
0 0.329624 0.360242 0.005703 0.024878
0 0.849244 0.538738 0.020836 0.093293
0 0.360339 0.438600 0.005989 0.009411
0 0.240090 0.414727 0.042576 0.022092
0 0.483480 0.318577 0.002616 0.006266
0 0.950330 0.428352 0.003757 0.004454
0 0.372548 0.385021 0.010574 0.020240
0 0.894397 0.426775 0.009879 0.011326
0 0.319946 0.424484 0.014502 0.004901
0 0.591097 0.321215 0.001307 0.001740
0 0.520989 0.315712 0.002081 0.005372
0 0.595701 0.321428 0.001585 0.001743
0 0.457412 0.311773 0.002414 0.008954
0 0.275165 0.340868 0.005409 0.015086
0 0.484655 0.315533 0.002283 0.006447
0 0.205558 0.356582 0.012369 0.010184
0 0.330947 0.391150 0.005010 0.018378
0 0.410185 0.395235 0.005148 0.013549
0 0.540647 0.325625 0.001709 0.002434
0 0.432821 0.323635 0.003960 0.004388
0 0.286664 0.321145 0.004832 0.015599
0 0.429316 0.433199 0.009460 0.025990
0 0.411815 0.305291 0.002638 0.006095
0 0.363591 0.308202 0.005076 0.011648
0 0.225987 0.341982 0.002961 0.008240
0 0.243542 0.320082 0.004061 0.013658
0 0.246927 0.320814 0.003553 0.016036
0 0.255514 0.323018 0.004144 0.009595
0 0.258475 0.323413 0.004652 0.011062
0 0.237371 0.330480 0.004993 0.011211
0 0.605357 0.513414 0.044443 0.063783
0 0.371366 0.392451 0.005148 0.016151
0 0.359806 0.448783 0.013237 0.026684
0 0.362223 0.326495 0.002897 0.012635
0 0.435302 0.312316 0.002078 0.010375
0 0.234593 0.350137 0.010917 0.010701
0 0.359630 0.352439 0.003126 0.007030
0 0.660081 0.513209 0.024453 0.033148
0 0.227927 0.332446 0.004926 0.017720
0 0.259813 0.339211 0.003254 0.011513
0 0.412800 0.310289 0.004929 0.004513
0 0.222097 0.349500 0.006990 0.012776
0 0.419551 0.309956 0.003777 0.010569
0 0.260044 0.329395 0.002416 0.008382
0 0.302364 0.338612 0.003575 0.020368
0 0.232758 0.327836 0.003380 0.006316
0 0.235656 0.348849 0.008600 0.009671
0 0.251686 0.344028 0.006183 0.023464
0 0.652938 0.350423 0.009184 0.011510
0 0.295408 0.430737 0.011787 0.016888
0 0.229183 0.379660 0.005121 0.012247
0 0.980175 0.432438 0.005286 0.005941
0 0.568222 0.499711 0.027046 0.043039
0 0.196010 0.364388 0.015629 0.007520
0 0.448791 0.348747 0.005436 0.012533
0 0.255985 0.342480 0.003962 0.014954
0 0.318772 0.384747 0.012106 0.013368
0 0.266905 0.345702 0.003962 0.019339
0 0.361981 0.354276 0.004929 0.012507
0 0.670705 0.575763 0.088560 0.036355
0 0.472678 0.347941 0.005838 0.007697
0 0.340434 0.314635 0.003767 0.014697
0 0.331546 0.408883 0.016233 0.015470
0 0.503410 0.463947 0.012855 0.041434
0 0.491720 0.466954 0.016857 0.033191
0 0.323090 0.442660 0.031787 0.040997
0 0.340290 0.408498 0.015944 0.015214
0 0.539019 0.353178 0.002618 0.005283
0 0.836621 0.488484 0.014426 0.053197
0 0.985088 0.536734 0.024845 0.102651
0 0.262072 0.330428 0.002996 0.007349
0 0.917702 0.369970 0.006400 0.009467
0 0.478373 0.484441 0.018550 0.009355
0 0.278644 0.322433 0.005025 0.006832
0 0.277823 0.317084 0.003575 0.008766
0 0.193915 0.340469 0.008792 0.022819
0 0.180747 0.340268 0.002658 0.011280
0 0.462009 0.314638 0.001677 0.006270
0 0.781896 0.349862 0.006119 0.010526
0 0.358455 0.315987 0.002705 0.011217
0 0.542473 0.323549 0.001632 0.001928
0 0.423963 0.351745 0.003824 0.008326
0 0.954856 0.448401 0.005574 0.007796
0 0.293428 0.415331 0.009179 0.014437
0 0.556010 0.319538 0.002517 0.003977
0 0.282702 0.338934 0.004250 0.019980
0 0.309805 0.332941 0.004349 0.017276
0 0.518439 0.317638 0.002347 0.002776
0 0.505758 0.323505 0.003020 0.006438
0 0.512176 0.487225 0.052093 0.022944
0 0.497537 0.348434 0.003087 0.007250
0 0.129130 0.320538 0.003284 0.007477
0 0.513433 0.429418 0.008193 0.038316
0 0.237637 0.324031 0.003671 0.007220
0 0.692245 0.449589 0.016630 0.040099
0 0.437316 0.348344 0.002616 0.004207
0 0.523351 0.354836 0.003624 0.004296
0 0.206233 0.347413 0.007313 0.018891
0 0.453219 0.307030 0.005165 0.003401
0 0.540965 0.356984 0.002483 0.003579
0 0.554080 0.377618 0.002367 0.003526
0 0.270561 0.389387 0.009741 0.039727
0 0.285166 0.339064 0.003188 0.017661
0 0.199085 0.370248 0.018358 0.016115
0 0.261976 0.338484 0.003380 0.010053
0 0.203817 0.337520 0.003960 0.013428
0 0.314347 0.333842 0.004349 0.016500
0 0.930016 0.370155 0.010994 0.011322
0 0.290595 0.376949 0.010017 0.037497
0 0.491232 0.316071 0.001477 0.002148
0 0.516024 0.315845 0.003153 0.006178
0 0.560520 0.358952 0.002155 0.002148
0 0.576829 0.367222 0.004453 0.005010
0 0.652874 0.483806 0.016428 0.024059
0 0.081264 0.410914 0.022123 0.083895
