0 0.517960 0.307454 0.001546 0.003224
0 0.405955 0.306681 0.002029 0.006059
0 0.715745 0.547255 0.073881 0.023576
0 0.506154 0.374554 0.005508 0.015984
0 0.209143 0.329117 0.003015 0.007115
0 0.267112 0.332674 0.003005 0.008974
0 0.365823 0.308990 0.002549 0.011447
0 0.492335 0.327113 0.002416 0.003865
0 0.333596 0.314975 0.002576 0.012253
0 0.250015 0.327571 0.003826 0.007424
0 0.132604 0.428763 0.024043 0.093296
0 0.293803 0.315962 0.004638 0.009023
0 0.201432 0.330433 0.004522 0.020576
0 0.339294 0.368719 0.007073 0.027227
0 0.264856 0.332365 0.005683 0.008046
0 0.364779 0.335442 0.002320 0.005260
0 0.267485 0.324913 0.005848 0.008194
0 0.264562 0.324816 0.005264 0.007217
0 0.297809 0.314663 0.002493 0.008016
0 0.337103 0.314107 0.002436 0.012056
0 0.560662 0.334166 0.002281 0.003510
0 0.183229 0.320220 0.002665 0.005724
0 0.224448 0.423174 0.015306 0.019803
0 0.405260 0.443370 0.016280 0.068687
0 0.290664 0.314544 0.001837 0.003352
0 0.403732 0.306229 0.002221 0.008253
0 0.329852 0.315355 0.003945 0.011711
0 0.228332 0.415826 0.010318 0.016553
0 0.455137 0.308099 0.002996 0.008895
0 0.253783 0.401980 0.013681 0.021658
0 0.660229 0.543176 0.068037 0.014306
0 0.981386 0.465260 0.012175 0.039579
0 0.498443 0.301201 0.001354 0.006961
0 0.212564 0.328035 0.002668 0.004023
0 0.275205 0.310362 0.003190 0.007105
0 0.499699 0.302232 0.001159 0.005931
0 0.356074 0.445599 0.027828 0.024507
0 0.426060 0.454510 0.018087 0.055691
0 0.448034 0.307646 0.003671 0.007734
0 0.357939 0.344880 0.007421 0.008661
0 0.198359 0.323007 0.005101 0.015007
0 0.295118 0.348686 0.006607 0.022431
0 0.184440 0.341880 0.004650 0.019648
0 0.716440 0.445988 0.016834 0.037872
0 0.181142 0.320840 0.002436 0.004793
0 0.484220 0.325758 0.003770 0.006832
0 0.288163 0.418015 0.009275 0.018859
0 0.245507 0.427916 0.027971 0.019694
0 0.205027 0.357166 0.009393 0.014023
0 0.338142 0.319984 0.003306 0.008717
0 0.188379 0.372400 0.008942 0.016253
0 0.300107 0.430206 0.041625 0.012734
0 0.345439 0.375294 0.004753 0.017484
0 0.255290 0.327880 0.004638 0.008043
0 0.484654 0.375135 0.005604 0.021270
0 0.448471 0.300885 0.002022 0.006822
0 0.272305 0.309709 0.002801 0.008378
0 0.425086 0.313319 0.003575 0.005158
0 0.143343 0.324862 0.003826 0.004178
0 0.343339 0.316270 0.002739 0.009882
0 0.454750 0.331238 0.002221 0.002839
0 0.398998 0.334783 0.003962 0.014566
0 0.362578 0.326161 0.004406 0.013303
0 0.362196 0.459615 0.037567 0.008724
0 0.196419 0.474609 0.031857 0.117618
0 0.243058 0.325018 0.006610 0.010674
0 0.009672 0.394414 0.019344 0.064724
0 0.210244 0.377304 0.006607 0.010674
0 0.374495 0.353607 0.002416 0.003352
0 0.353010 0.342327 0.004058 0.013148
0 0.214766 0.327492 0.002204 0.003247
0 0.345070 0.315893 0.003301 0.012997
0 0.240508 0.347681 0.011711 0.009901
0 0.186122 0.331979 0.007086 0.020885
0 0.176852 0.317824 0.003131 0.012688
0 0.215636 0.359128 0.010897 0.015158
0 0.514027 0.374748 0.007345 0.013793
0 0.441227 0.446714 0.021704 0.070914
0 0.227869 0.344431 0.009159 0.010520
0 0.493321 0.305390 0.003284 0.004253
0 0.319699 0.342653 0.004753 0.022740
0 0.466731 0.316220 0.002224 0.006316
0 0.186706 0.320686 0.003826 0.010365
0 0.394312 0.326340 0.003284 0.012891
