0 0.130414 0.406405 0.005799 0.009592
0 0.126066 0.405166 0.005915 0.008661
0 0.225009 0.497998 0.023040 0.062819
0 0.114820 0.391322 0.004753 0.015316
0 0.879665 0.615873 0.050424 0.059701
0 0.177267 0.418857 0.006704 0.012530
0 0.046526 0.418161 0.007535 0.028467
0 0.142758 0.475551 0.026467 0.029490
0 0.635144 0.569536 0.026211 0.048559
0 0.140689 0.477204 0.017562 0.025678
0 0.305901 0.388227 0.001970 0.002941
0 0.374822 0.357066 0.002653 0.002230
0 0.019018 0.449914 0.006092 0.015579
0 0.009122 0.447696 0.009221 0.015135
0 0.040725 0.426079 0.007791 0.013763
0 0.115341 0.473206 0.019716 0.013780
0 0.228639 0.364036 0.003077 0.009033
0 0.263449 0.366130 0.002737 0.007543
0 0.218957 0.356995 0.006854 0.007339
0 0.006665 0.413984 0.010964 0.014546
0 0.118978 0.482383 0.026092 0.007043
0 0.212192 0.354461 0.004758 0.009211
0 0.771138 0.598944 0.022374 0.035645
0 0.092848 0.406637 0.005567 0.024286
0 0.232506 0.476127 0.010205 0.018102
0 0.267234 0.409189 0.007653 0.019490
0 0.255696 0.412128 0.006378 0.008974
0 0.225953 0.392171 0.007414 0.011447
0 0.140095 0.400294 0.007769 0.011911
0 0.831495 0.613090 0.080979 0.064826
0 0.371940 0.356097 0.002214 0.005819
0 0.822898 0.598832 0.043745 0.037204
