0 0.375964 0.320446 0.002283 0.010694
0 0.459841 0.336186 0.002350 0.003293
0 0.214471 0.381008 0.007207 0.004063
0 0.119270 0.337888 0.009300 0.012638
0 0.457027 0.336740 0.001726 0.002033
0 0.281069 0.348694 0.004430 0.007967
0 0.278485 0.355543 0.005165 0.018086
0 0.220889 0.393255 0.009509 0.044556
0 0.247904 0.372061 0.006262 0.029082
0 0.230223 0.395962 0.008928 0.040069
0 0.194027 0.366196 0.008587 0.009043
0 0.240716 0.353033 0.003942 0.014539
0 0.398703 0.331480 0.003028 0.008395
0 0.385842 0.329026 0.002562 0.011066
0 0.198046 0.360613 0.003479 0.018563
0 0.986019 0.610814 0.027961 0.060628
0 0.238049 0.379564 0.010900 0.013766
0 0.209525 0.398515 0.013449 0.035582
0 0.958094 0.597661 0.021159 0.041382
0 0.243267 0.351410 0.006031 0.023668
0 0.278688 0.368581 0.007535 0.010984
0 0.176828 0.356127 0.009741 0.016707
0 0.282862 0.362084 0.005912 0.023359
0 0.471140 0.334586 0.001773 0.005480
0 0.184133 0.391089 0.009509 0.036507
0 0.208134 0.346691 0.007421 0.012684
