0 0.089218 0.381979 0.004753 0.010674
0 0.064290 0.405183 0.004753 0.013457
0 0.311780 0.405183 0.006031 0.012220
0 0.074957 0.467696 0.013449 0.030168
0 0.281497 0.477044 0.013634 0.025247
0 0.178849 0.636380 0.050202 0.182076
0 0.837713 0.584934 0.045284 0.114191
0 0.638752 0.517339 0.017160 0.050125
0 0.060435 0.407691 0.003533 0.008776
0 0.323129 0.407118 0.004413 0.004507
0 0.060269 0.653510 0.047894 0.185539
0 0.387575 0.498637 0.016975 0.061076
0 0.087129 0.384558 0.004874 0.006095
0 0.313878 0.390253 0.002204 0.002632
0 0.125656 0.472730 0.011918 0.051888
0 0.062353 0.439799 0.006265 0.005520
0 0.035693 0.417179 0.004753 0.008280
0 0.275096 0.523827 0.022263 0.050865
0 0.206048 0.397834 0.003131 0.004174
0 0.352734 0.515380 0.019201 0.068128
0 0.219302 0.503592 0.015025 0.022276
0 0.626983 0.544257 0.025392 0.022586
0 0.280010 0.443934 0.007421 0.018566
0 0.108987 0.466923 0.010784 0.045635
0 0.316429 0.405827 0.005219 0.008510
0 0.256076 0.359235 0.004169 0.005569
0 0.325185 0.515474 0.019201 0.070914
0 0.287849 0.390021 0.003247 0.004023
0 0.094267 0.487714 0.019948 0.032007
0 0.019591 0.402010 0.007189 0.019493
0 0.138902 0.405337 0.007419 0.020885
0 0.132061 0.402010 0.006262 0.020730
0 0.121219 0.434498 0.010086 0.026609
0 0.116640 0.489740 0.010784 0.018566
0 0.124463 0.671602 0.036065 0.137039
0 0.093455 0.470467 0.006571 0.007605
0 0.131424 0.435812 0.009159 0.030783
0 0.558691 0.567847 0.043713 0.054918
0 0.144416 0.479015 0.017875 0.036313
0 0.057221 0.440873 0.004591 0.007444
0 0.616955 0.568312 0.038960 0.052750
0 0.283725 0.392174 0.004541 0.007592
