0 0.487549 0.324507 0.002712 0.011513
0 0.617914 0.527633 0.024734 0.033155
0 0.638094 0.519908 0.015533 0.041118
0 0.186731 0.331898 0.002377 0.003507
0 0.536992 0.478000 0.017179 0.069461
0 0.262081 0.375164 0.009369 0.018092
0 0.483951 0.326719 0.002069 0.006740
0 0.439411 0.316113 0.002589 0.006984
0 0.627350 0.495938 0.011820 0.026743
0 0.606620 0.519058 0.028328 0.025944
0 0.249053 0.352832 0.004832 0.012007
0 0.797004 0.507681 0.009689 0.055033
0 0.226129 0.356049 0.005611 0.008888
0 0.206081 0.372850 0.004258 0.006470
0 0.536870 0.511196 0.021230 0.037477
0 0.212771 0.350724 0.003945 0.011316
0 0.327416 0.394391 0.008383 0.035559
0 0.453538 0.311433 0.002120 0.007891
0 0.557749 0.518704 0.019048 0.029711
0 0.416828 0.353454 0.003770 0.012829
0 0.517236 0.314138 0.001726 0.007566
0 0.283314 0.343582 0.003969 0.005164
0 0.513807 0.471118 0.021696 0.035658
0 0.455313 0.352464 0.002465 0.002632
0 0.312309 0.339656 0.002897 0.004043
0 0.587623 0.542222 0.048521 0.056477
0 0.405178 0.355674 0.003649 0.009046
0 0.218282 0.373388 0.008802 0.010132
0 0.248595 0.364951 0.004586 0.007599
0 0.238357 0.360727 0.006225 0.014270
0 0.525784 0.483474 0.009379 0.033493
0 0.289448 0.335204 0.010947 0.007487
0 0.188624 0.336882 0.008748 0.011513
0 0.232002 0.355428 0.003945 0.009539
0 0.213847 0.380082 0.021911 0.013586
0 0.440027 0.349669 0.002835 0.006905
0 0.802626 0.512664 0.019009 0.056908
0 0.218215 0.353194 0.007643 0.013816
0 0.471647 0.437993 0.014300 0.052961
0 0.244098 0.365464 0.003156 0.006197
0 0.086169 0.399178 0.018491 0.084539
0 0.686995 0.551316 0.044009 0.050789
