0 0.886834 0.259375 0.005424 0.020724
0 0.477811 0.528783 0.015779 0.036513
0 0.971770 0.261349 0.004684 0.023355
0 0.206484 0.431579 0.005178 0.008553
0 0.543146 0.554276 0.025641 0.017763
0 0.499617 0.264378 0.006487 0.025454
0 0.936329 0.839161 0.126849 0.030888
0 0.977588 0.817822 0.044825 0.023474
0 0.890974 0.260174 0.005113 0.010395
0 0.901207 0.254878 0.006694 0.012020
0 0.849729 0.258553 0.005178 0.023026
0 0.062299 0.775002 0.038750 0.080135
0 0.509369 0.263980 0.007396 0.024671
0 0.648176 0.277632 0.007890 0.031579
0 0.858974 0.253618 0.003452 0.008553
0 0.922830 0.258059 0.004931 0.019408
0 0.966100 0.262500 0.005671 0.025000
0 0.154586 0.786245 0.038605 0.052674
0 0.053008 0.967434 0.106016 0.063816
0 0.729043 0.282072 0.007396 0.031250
0 0.982618 0.260691 0.005178 0.024013
0 0.152390 0.404796 0.023242 0.013829
0 0.865754 0.259046 0.004684 0.020066
