0 0.281691 0.311094 0.003131 0.011293
0 0.824953 0.427480 0.005567 0.006868
0 0.237627 0.318447 0.003789 0.006921
0 0.231818 0.316941 0.005348 0.007632
0 0.387976 0.594803 0.070296 0.237467
0 0.476875 0.349260 0.002660 0.004191
0 0.199427 0.355262 0.006492 0.029701
0 0.519782 0.302512 0.001886 0.002049
0 0.459231 0.302454 0.002012 0.008382
0 0.461324 0.302454 0.002495 0.008164
0 0.278097 0.313724 0.003826 0.005724
0 0.252973 0.345515 0.004911 0.007734
0 0.241741 0.318594 0.003452 0.007220
0 0.193158 0.351334 0.006632 0.024635
0 0.186787 0.342562 0.006726 0.012967
0 0.303012 0.319214 0.002843 0.005691
0 0.236614 0.316567 0.004465 0.007984
0 0.241995 0.315151 0.003856 0.007855
0 0.305804 0.319281 0.002742 0.004740
0 0.444416 0.308148 0.002658 0.010099
0 0.415906 0.313413 0.010052 0.002793
0 0.263314 0.340179 0.005567 0.021812
0 0.285286 0.426964 0.011711 0.018408
0 0.190730 0.362533 0.006958 0.032796
0 0.204006 0.355262 0.007071 0.027227
0 0.298125 0.350314 0.004228 0.011010
0 0.787804 0.417362 0.016975 0.014480
0 0.184238 0.362224 0.007421 0.032796
0 0.931394 0.438712 0.013637 0.028589
0 0.302897 0.347273 0.005843 0.016507
0 0.300879 0.610633 0.062818 0.218845
0 0.440671 0.308791 0.002253 0.007734
0 0.284938 0.317127 0.003826 0.009128
0 0.514941 0.299178 0.003994 0.007197
0 0.643658 0.450220 0.017251 0.047895
0 0.259488 0.316044 0.004406 0.008510
0 0.435317 0.309436 0.003301 0.005372
