0 0.547806 0.496048 0.019837 0.040635
0 0.476527 0.266240 0.008696 0.015342
0 0.752728 0.285819 0.008627 0.017263
0 0.443904 0.820342 0.194810 0.049658
0 0.006416 0.515398 0.012833 0.024612
0 0.047326 0.515018 0.018666 0.023207
0 0.986061 0.254168 0.006679 0.015592
0 0.490423 0.576189 0.019435 0.024326
0 0.036717 0.504962 0.013217 0.014852
0 0.500925 0.265982 0.010725 0.017661
0 0.521379 0.498133 0.022039 0.026464
0 0.857707 0.280436 0.005705 0.010207
0 0.070690 0.515637 0.009275 0.013615
0 0.514106 0.263635 0.005007 0.021533
0 0.517933 0.263543 0.004869 0.023204
0 0.989749 0.262150 0.007653 0.025247
0 0.811165 0.255747 0.006679 0.024691
0 0.508756 0.570041 0.020436 0.020049
