0 0.354536 0.356579 0.003945 0.018421
0 0.226750 0.414391 0.021105 0.030757
0 0.969588 0.439145 0.008555 0.005921
0 0.228877 0.319207 0.003104 0.005849
0 0.178727 0.355433 0.005427 0.012628
0 0.512944 0.343319 0.006657 0.012829
0 0.358235 0.380658 0.007396 0.028158
0 0.654059 0.368569 0.008454 0.002651
0 0.269440 0.432484 0.018220 0.065296
0 0.421450 0.547697 0.049606 0.157237
0 0.616494 0.405263 0.009122 0.022368
0 0.230710 0.336331 0.007071 0.011023
0 0.412435 0.334859 0.002453 0.002921
0 0.931953 0.588980 0.031065 0.114145
0 0.286366 0.564359 0.044132 0.194309
0 0.253094 0.373043 0.008111 0.030888
0 0.961995 0.456414 0.007322 0.018750
0 0.294995 0.350937 0.006657 0.026875
0 0.372411 0.319079 0.005178 0.006579
0 0.248656 0.334025 0.004694 0.009832
0 0.351085 0.356908 0.004438 0.020395
0 0.193644 0.358891 0.012327 0.012151
0 0.269020 0.329076 0.003286 0.012263
0 0.388190 0.327303 0.004684 0.005921
0 0.813363 0.437336 0.011341 0.031908
0 0.320969 0.323095 0.002835 0.008283
0 0.947978 0.462683 0.004931 0.007536
0 0.859615 0.416020 0.014596 0.007039
0 0.496889 0.463336 0.030779 0.031421
0 0.728304 0.424178 0.010848 0.027961
0 0.216469 0.319408 0.003945 0.012500
0 0.413671 0.327632 0.005350 0.006579
0 0.437809 0.320870 0.004707 0.005628
0 0.576162 0.527840 0.021704 0.051030
0 0.971696 0.488322 0.022584 0.051645
0 0.489287 0.452770 0.013536 0.013079
0 0.407939 0.325477 0.004142 0.009572
0 0.489232 0.482113 0.029080 0.021299
0 0.245032 0.518947 0.045439 0.076053
0 0.195459 0.322253 0.002618 0.004789
0 0.369206 0.358618 0.003205 0.010658
0 0.428913 0.308194 0.003156 0.005730
0 0.277613 0.330099 0.004931 0.017434
0 0.186358 0.335410 0.004625 0.007227
0 0.879829 0.493714 0.015737 0.030730
0 0.394859 0.312053 0.004645 0.005263
0 0.182830 0.360232 0.007825 0.011786
0 0.168516 0.360345 0.009615 0.029309
0 0.747430 0.338962 0.002118 0.003898
0 0.398804 0.311352 0.002367 0.007836
0 0.726455 0.413816 0.020464 0.023684
0 0.373928 0.364441 0.004758 0.012566
0 0.312292 0.318076 0.004120 0.010993
0 0.303254 0.325164 0.003945 0.014803
0 0.959320 0.470515 0.012821 0.028970
0 0.450912 0.452138 0.011834 0.015461
0 0.351208 0.463322 0.020464 0.020724
0 0.292036 0.328783 0.004684 0.019408
0 0.365631 0.356579 0.005424 0.015132
0 0.512081 0.375987 0.005917 0.013158
0 0.458703 0.386513 0.008629 0.025000
0 0.189373 0.323349 0.004687 0.015592
0 0.315447 0.324041 0.002892 0.007951
0 0.439596 0.334375 0.001972 0.003618
0 0.270785 0.339064 0.003651 0.009990
0 0.459566 0.314145 0.002465 0.005263
0 0.411294 0.421908 0.009315 0.041513
0 0.505054 0.341447 0.002219 0.003289
0 0.178233 0.326084 0.005052 0.013753
0 0.218997 0.337747 0.004068 0.018586
0 0.274650 0.339186 0.005419 0.015431
0 0.255301 0.393092 0.013560 0.023684
0 0.429089 0.334625 0.001753 0.002454
0 0.642998 0.407895 0.008876 0.018421
0 0.239501 0.312153 0.003913 0.008924
0 0.529956 0.329441 0.003698 0.008224
0 0.369946 0.328783 0.002712 0.013487
0 0.209443 0.326151 0.003205 0.006250
0 0.519662 0.377434 0.010478 0.012763
0 0.275566 0.314160 0.002892 0.005497
0 0.448770 0.465870 0.012717 0.029444
0 0.225494 0.425398 0.023617 0.024796
0 0.611193 0.367270 0.003945 0.005592
0 0.492417 0.309304 0.001664 0.004911
0 0.245537 0.421595 0.022633 0.008783
0 0.466839 0.314967 0.001726 0.005592
0 0.861403 0.506546 0.012747 0.070987
0 0.552097 0.481719 0.013252 0.026944
0 0.264551 0.326349 0.004191 0.011086
0 0.347509 0.317824 0.002710 0.010319
0 0.255385 0.334436 0.003531 0.007714
0 0.408469 0.416842 0.010725 0.044868
0 0.443540 0.311184 0.001972 0.009211
0 0.541600 0.468339 0.006179 0.013783
0 0.104660 0.420395 0.025394 0.093421
0 0.329522 0.368434 0.008876 0.020066
0 0.931213 0.481414 0.018738 0.059539
0 0.848619 0.488322 0.018245 0.058882
0 0.471770 0.354605 0.007150 0.008553
0 0.358851 0.412007 0.006164 0.027961
0 0.391420 0.368553 0.003156 0.003553
0 0.786119 0.434704 0.011588 0.033882
0 0.243241 0.330579 0.003104 0.005197
0 0.720414 0.420724 0.006410 0.007895
0 0.361440 0.319737 0.004438 0.009211
0 0.315779 0.373684 0.006312 0.028289
0 0.498619 0.370839 0.004142 0.008783
0 0.560883 0.495252 0.007673 0.028905
0 0.247442 0.321359 0.002374 0.005441
0 0.246918 0.372615 0.006657 0.017928
0 0.330375 0.317094 0.002959 0.010944
0 0.213561 0.391396 0.015722 0.015957
0 0.343935 0.566891 0.046351 0.178651
0 0.635232 0.408882 0.006657 0.015132
0 0.866953 0.505824 0.023107 0.074207
0 0.430966 0.363655 0.004438 0.006579
0 0.971400 0.455263 0.013314 0.025000
0 0.433034 0.310651 0.003331 0.010408
0 0.328945 0.462829 0.027022 0.017105
0 0.742315 0.339451 0.001972 0.003118
0 0.256450 0.327896 0.004201 0.015918
0 0.497165 0.309211 0.002219 0.005263
0 0.707726 0.438625 0.006817 0.009599
0 0.186907 0.329117 0.004869 0.011694
0 0.570651 0.503273 0.013757 0.022230
0 0.240025 0.404457 0.014300 0.024046
0 0.204588 0.324039 0.003348 0.011612
0 0.582988 0.385033 0.009073 0.008882
0 0.443291 0.356257 0.007643 0.010526
0 0.545344 0.473970 0.008331 0.019197
0 0.333029 0.438671 0.009337 0.021026
0 0.648052 0.414145 0.006657 0.006579
0 0.416913 0.362829 0.004438 0.010526
0 0.273950 0.327451 0.004384 0.008691
0 0.941321 0.467928 0.013314 0.046382
0 0.044379 0.433059 0.014793 0.052303
0 0.486563 0.353618 0.002712 0.007237
0 0.688856 0.336102 0.002465 0.003783
0 0.609221 0.430757 0.008876 0.038487
0 0.978674 0.406250 0.012081 0.021711
0 0.168280 0.321197 0.004140 0.009013
0 0.282791 0.329934 0.004931 0.019079
0 0.994083 0.438487 0.010848 0.011842
0 0.247881 0.596416 0.044430 0.187826
0 0.052305 0.494507 0.050666 0.091908
0 0.219184 0.381553 0.006652 0.010118
0 0.333457 0.384227 0.009270 0.012664
0 0.552009 0.506069 0.015804 0.047993
0 0.697485 0.336349 0.001479 0.002303
0 0.466963 0.306908 0.001972 0.007237
0 0.645969 0.367763 0.003427 0.003947
0 0.579635 0.310526 0.001479 0.003289
0 0.603515 0.546253 0.034248 0.014875
0 0.230068 0.384038 0.005284 0.015793
0 0.444032 0.497163 0.028849 0.048299
0 0.270587 0.384375 0.009615 0.020724
0 0.472017 0.306908 0.002219 0.007237
0 0.423570 0.311349 0.002959 0.005592
0 0.239398 0.369572 0.007890 0.016776
0 0.277085 0.357107 0.003671 0.022299
0 0.220811 0.378395 0.005123 0.009329
0 0.239181 0.337201 0.005843 0.008447
0 0.458846 0.326380 0.002017 0.002576
0 0.197284 0.321766 0.002616 0.005441
0 0.418393 0.450000 0.016272 0.019079
0 0.307939 0.325164 0.003945 0.015461
0 0.274162 0.363980 0.007890 0.027303
0 0.479167 0.352961 0.005178 0.011184
0 0.354167 0.320559 0.002219 0.006250
