0 0.250705 0.316776 0.003422 0.016651
0 0.491547 0.330243 0.001428 0.002467
0 0.444439 0.300664 0.002443 0.009158
0 0.490253 0.329092 0.001304 0.002928
0 0.467608 0.328056 0.002663 0.005461
0 0.482019 0.315031 0.002658 0.003207
0 0.303346 0.320270 0.003220 0.013967
0 0.578142 0.508859 0.011432 0.032013
0 0.217607 0.343704 0.003479 0.007993
0 0.387756 0.340278 0.002012 0.009582
0 0.351481 0.341454 0.002502 0.012276
0 0.747488 0.767133 0.109842 0.363984
0 0.230264 0.311951 0.003654 0.007803
0 0.234101 0.309513 0.003045 0.012678
0 0.187501 0.326987 0.004386 0.010888
0 0.502494 0.331266 0.001773 0.001507
0 0.206421 0.294306 0.003153 0.009132
0 0.200600 0.339643 0.006571 0.010701
0 0.452274 0.346707 0.005964 0.008184
0 0.470338 0.312234 0.003629 0.011118
0 0.312271 0.321344 0.003757 0.014503
0 0.837838 0.450630 0.017253 0.017635
0 0.273217 0.319061 0.005099 0.015490
0 0.245505 0.316419 0.006174 0.008773
0 0.347043 0.409281 0.011354 0.054253
0 0.552981 0.455840 0.020049 0.066714
0 0.461817 0.347503 0.002214 0.003296
0 0.304821 0.318434 0.001610 0.010296
0 0.469716 0.329783 0.001849 0.003125
0 0.208332 0.343640 0.009662 0.011734
0 0.321631 0.318612 0.003691 0.014414
0 0.429209 0.316258 0.003580 0.007845
0 0.320190 0.438449 0.020291 0.041253
0 0.455308 0.310222 0.003220 0.011734
0 0.458659 0.326559 0.001775 0.003388
0 0.339636 0.398914 0.014090 0.016974
0 0.119292 0.322498 0.006667 0.014569
0 0.696346 0.463145 0.010917 0.022171
0 0.484790 0.328863 0.001681 0.002990
0 0.482611 0.329240 0.002342 0.003092
0 0.385643 0.341039 0.003023 0.011461
0 0.641792 0.490005 0.016183 0.044582
0 0.479998 0.328928 0.002638 0.005296
0 0.219334 0.308525 0.005907 0.012359
0 0.222437 0.308561 0.004830 0.012891
0 0.495937 0.330260 0.001479 0.001974
0 0.503903 0.329441 0.001691 0.002579
0 0.499354 0.330461 0.001770 0.001829
0 0.475695 0.330819 0.001775 0.002500
0 0.457579 0.347617 0.003792 0.005227
0 0.479975 0.314928 0.002352 0.005592
0 0.233018 0.342544 0.004541 0.014437
0 0.202994 0.400903 0.008454 0.009990
0 0.957202 0.783418 0.085597 0.386974
0 0.486642 0.329487 0.002811 0.004046
0 0.192648 0.409551 0.012239 0.028576
0 0.258221 0.317359 0.003957 0.015487
0 0.605197 0.508750 0.026893 0.044046
0 0.432685 0.315406 0.002352 0.010503
0 0.694752 0.453347 0.013913 0.027589
0 0.903993 0.830406 0.068203 0.339188
0 0.494088 0.330424 0.001381 0.001579
0 0.379116 0.315393 0.003272 0.012891
0 0.467186 0.346906 0.002216 0.002102
0 0.273793 0.342350 0.005895 0.022043
0 0.556684 0.442844 0.009260 0.033411
0 0.408835 0.312028 0.002404 0.011938
0 0.278418 0.320090 0.003824 0.015576
0 0.208107 0.413095 0.021257 0.030079
0 0.338709 0.409926 0.009342 0.049957
0 0.383309 0.314403 0.003886 0.013372
