0 0.268826 0.320632 0.005799 0.015579
0 0.225507 0.347058 0.004509 0.006984
0 0.247892 0.318536 0.004832 0.007737
0 0.222045 0.309191 0.005155 0.008809
0 0.261983 0.319829 0.004993 0.012026
0 0.288997 0.340934 0.003462 0.009132
0 0.263393 0.359951 0.003624 0.015362
0 0.332679 0.327400 0.003380 0.015148
0 0.244188 0.316173 0.003543 0.006234
0 0.189516 0.330515 0.004347 0.009345
0 0.123046 0.330373 0.006521 0.013859
0 0.209887 0.346414 0.006603 0.010849
0 0.457225 0.313770 0.001679 0.009309
0 0.215643 0.387668 0.014413 0.031263
0 0.277040 0.346253 0.006280 0.018263
0 0.454843 0.312740 0.002281 0.011013
0 0.280221 0.321329 0.003947 0.014612
0 0.189032 0.386485 0.015298 0.020516
0 0.240565 0.317998 0.005636 0.008595
0 0.283079 0.346308 0.005153 0.019444
0 0.293063 0.323155 0.003706 0.014612
0 0.256387 0.318484 0.002172 0.006553
0 0.709713 0.398563 0.003360 0.005414
0 0.468698 0.315067 0.001677 0.009398
0 0.272973 0.321220 0.005074 0.015684
0 0.361509 0.344748 0.003067 0.005372
0 0.280180 0.349798 0.005473 0.013109
0 0.399972 0.421187 0.005288 0.032303
0 0.315165 0.347112 0.005878 0.006875
0 0.341464 0.378398 0.009601 0.028033
0 0.366135 0.341633 0.007488 0.011174
0 0.334936 0.343030 0.004191 0.011388
0 0.330425 0.325786 0.003060 0.015362
0 0.205539 0.345232 0.004672 0.011280
0 0.372006 0.414967 0.015027 0.044368
0 0.289400 0.323316 0.005071 0.013000
0 0.260010 0.366826 0.007165 0.034053
0 0.452427 0.312293 0.003222 0.011013
0 0.979965 0.428146 0.009098 0.010418
0 0.383061 0.355905 0.003785 0.004309
0 0.808712 0.397166 0.004608 0.006148
0 0.264841 0.323961 0.003622 0.008487
0 0.339845 0.340720 0.004832 0.016007
0 0.972396 0.423581 0.010547 0.015043
0 0.258320 0.318375 0.003301 0.006980
