0 0.144553 0.479385 0.015027 0.033638
0 0.254080 0.471701 0.015695 0.040099
0 0.333856 0.516025 0.018087 0.070852
0 0.320567 0.515286 0.014196 0.075757
0 0.014153 0.404424 0.009016 0.016487
0 0.858013 0.510235 0.010819 0.013964
0 0.050492 0.459002 0.008134 0.017819
0 0.278883 0.377281 0.002125 0.002385
0 0.016893 0.434632 0.009063 0.025553
0 0.284956 0.376574 0.002574 0.002760
0 0.117675 0.469229 0.008388 0.014635
0 0.060068 0.476712 0.010017 0.019826
0 0.088284 0.409436 0.006011 0.024280
0 0.349162 0.517493 0.018782 0.071625
0 0.165589 0.481280 0.017032 0.035197
0 0.052138 0.389498 0.003506 0.014701
0 0.235965 0.358980 0.004509 0.010691
0 0.389789 0.395668 0.002320 0.002941
0 0.287140 0.356530 0.002002 0.006684
0 0.311785 0.356008 0.001627 0.003490
0 0.124850 0.470363 0.011686 0.036089
0 0.207375 0.416454 0.008770 0.006684
0 0.611875 0.575661 0.012290 0.021039
0 0.055142 0.457442 0.013858 0.024503
0 0.044910 0.391852 0.007359 0.012303
0 0.008152 0.399248 0.009140 0.020536
0 0.189608 0.417122 0.004216 0.007132
0 0.078183 0.467801 0.014191 0.043438
0 0.219936 0.501549 0.016864 0.017375
0 0.126031 0.376480 0.002821 0.011289
0 0.032184 0.391676 0.006139 0.011937
0 0.227502 0.413242 0.011415 0.010951
0 0.098976 0.487327 0.012305 0.030937
0 0.021091 0.420266 0.007867 0.017428
0 0.500329 0.346821 0.003301 0.003760
0 0.886511 0.495327 0.014226 0.046247
0 0.242784 0.360651 0.002461 0.007684
0 0.277289 0.473372 0.014692 0.051013
0 0.241638 0.357929 0.001733 0.006266
0 0.151993 0.382036 0.004199 0.008243
0 0.056060 0.395513 0.003674 0.013368
0 0.242060 0.497651 0.006679 0.018934
0 0.555353 0.568937 0.049921 0.054803
0 0.273516 0.355684 0.002347 0.009625
0 0.291431 0.474707 0.017197 0.050789
