0 0.896627 0.259332 0.006252 0.018257
0 0.526376 0.261747 0.007421 0.021349
0 0.976055 0.261112 0.006026 0.027691
0 0.822685 0.764258 0.061548 0.094668
0 0.777761 0.272209 0.004349 0.027201
0 0.855934 0.258173 0.006958 0.019957
0 0.970433 0.260493 0.006842 0.028000
0 0.774718 0.271885 0.004445 0.028362
0 0.771287 0.270855 0.005508 0.029651
0 0.473968 0.266464 0.011132 0.013151
0 0.724349 0.787678 0.097613 0.099151
0 0.552929 0.265845 0.007653 0.025217
0 0.707322 0.274206 0.006282 0.030168
0 0.541743 0.801151 0.067559 0.108776
0 0.759837 0.275625 0.005799 0.009539
0 0.462160 0.810133 0.057944 0.104286
0 0.582255 0.782717 0.040392 0.094303
0 0.717496 0.737331 0.064194 0.233207
0 0.499883 0.267778 0.008696 0.015161
