0 0.102528 0.481650 0.023306 0.033569
0 0.369736 0.356594 0.001622 0.003056
0 0.336535 0.361882 0.002897 0.003559
0 0.210534 0.413891 0.021334 0.006651
0 0.282502 0.352291 0.004753 0.007273
0 0.216914 0.506206 0.012857 0.019602
0 0.141430 0.452257 0.008348 0.023980
0 0.130820 0.479329 0.021684 0.033882
0 0.518621 0.559558 0.028553 0.059924
0 0.327178 0.429671 0.006492 0.023362
0 0.332918 0.430367 0.008696 0.025681
0 0.077245 0.482961 0.015431 0.030329
0 0.952705 0.592919 0.040680 0.096234
0 0.420779 0.513891 0.017530 0.065717
0 0.100616 0.470589 0.004635 0.011757
0 0.143749 0.478633 0.019016 0.036819
0 0.207348 0.359638 0.002857 0.013612
0 0.227892 0.362965 0.003595 0.010365
0 0.133974 0.397464 0.003131 0.015007
0 0.266154 0.411771 0.004290 0.004951
0 0.074412 0.473609 0.011363 0.015309
0 0.278108 0.514783 0.017700 0.072401
0 0.410452 0.373734 0.003060 0.003224
0 0.494077 0.506653 0.014194 0.067720
0 0.136154 0.459451 0.006607 0.029086
0 0.263497 0.513669 0.009184 0.020273
0 0.311250 0.515005 0.014527 0.071510
0 0.562448 0.566686 0.067120 0.058141
0 0.118240 0.467418 0.005567 0.017789
0 0.371582 0.355250 0.002069 0.005296
0 0.235371 0.362347 0.002784 0.010056
0 0.243129 0.498965 0.010518 0.021609
0 0.198841 0.359329 0.002318 0.011138
0 0.236101 0.409793 0.004988 0.013303
0 0.343589 0.360645 0.002862 0.005414
