0 0.339209 0.419327 0.010725 0.042155
0 0.195046 0.379298 0.008794 0.029135
0 0.231086 0.333727 0.004929 0.007092
0 0.403124 0.466380 0.013141 0.022819
0 0.470782 0.360857 0.002530 0.003326
0 0.416297 0.389919 0.006252 0.021326
0 0.445390 0.324026 0.002855 0.008546
0 0.284647 0.441566 0.013762 0.032230
0 0.356744 0.421518 0.014495 0.047056
0 0.447448 0.379732 0.002145 0.002688
0 0.455010 0.347387 0.001859 0.002832
0 0.462935 0.490995 0.024845 0.047049
0 0.323783 0.439051 0.014662 0.034161
0 0.448478 0.324490 0.002394 0.008033
0 0.441644 0.325567 0.002125 0.003734
0 0.571293 0.314041 0.001072 0.004023
0 0.261571 0.436472 0.020099 0.036997
0 0.255677 0.418484 0.029569 0.009553
0 0.471363 0.347089 0.002638 0.002928
0 0.432136 0.358979 0.004361 0.007424
0 0.237893 0.418637 0.009026 0.016569
0 0.328045 0.436949 0.017579 0.034924
0 0.748946 0.566112 0.012221 0.025664
0 0.191857 0.349906 0.006667 0.008766
0 0.215964 0.347133 0.004058 0.015082
0 0.768280 0.556087 0.036866 0.060148
0 0.645698 0.333095 0.001948 0.002895
0 0.247594 0.434461 0.013531 0.023000
0 0.636582 0.332515 0.002749 0.003313
0 0.452760 0.378546 0.009105 0.009059
0 0.169149 0.344105 0.002608 0.015987
0 0.244227 0.407015 0.010338 0.015470
0 0.574846 0.313531 0.001738 0.004911
0 0.292120 0.432199 0.015217 0.023549
0 0.291357 0.438076 0.030150 0.034197
0 0.408698 0.347146 0.005700 0.003609
0 0.204610 0.383488 0.008600 0.022819
0 0.504708 0.487252 0.021038 0.071641
0 0.480365 0.471347 0.016829 0.070306
0 0.204079 0.359123 0.012754 0.014569
0 0.166686 0.374336 0.005991 0.024625
0 0.301970 0.334852 0.004162 0.011461
0 0.512523 0.485382 0.015027 0.068967
0 0.346599 0.339270 0.006378 0.004513
0 0.427371 0.463863 0.011423 0.020582
0 0.381678 0.426224 0.016822 0.044862
0 0.173982 0.373691 0.007825 0.022816
0 0.304718 0.430992 0.017867 0.025010
0 0.310047 0.334490 0.002244 0.007184
0 0.134045 0.351678 0.005604 0.010888
0 0.162887 0.331396 0.006169 0.008701
0 0.404977 0.324283 0.003173 0.007151
0 0.307061 0.335112 0.003713 0.005934
