0 0.305530 0.362133 0.003353 0.010187
0 0.325795 0.433206 0.018439 0.028148
0 0.302685 0.429985 0.012643 0.013536
0 0.534460 0.331770 0.003462 0.008164
0 0.438532 0.325059 0.003691 0.008059
0 0.216006 0.347747 0.003220 0.015579
0 0.325552 0.436161 0.014734 0.026105
0 0.174015 0.394747 0.017473 0.033086
0 0.200748 0.402266 0.011191 0.024276
0 0.207351 0.346845 0.007167 0.014204
0 0.152478 0.343127 0.004660 0.019661
0 0.317461 0.366493 0.007569 0.013322
0 0.430881 0.332758 0.003824 0.008056
0 0.228513 0.378207 0.008062 0.012730
0 0.826699 0.566084 0.032648 0.045984
0 0.284366 0.357253 0.005153 0.018263
0 0.957278 0.581941 0.008708 0.013151
0 0.181705 0.395553 0.016428 0.029329
0 0.188693 0.366155 0.005414 0.009586
0 0.414400 0.330762 0.003286 0.011470
0 0.988527 0.611102 0.022946 0.059092
0 0.615017 0.383385 0.003575 0.005283
0 0.418216 0.330633 0.003770 0.013536
0 0.546537 0.333490 0.004268 0.003224
0 0.305705 0.438847 0.026573 0.007628
0 0.939194 0.609023 0.021908 0.045967
0 0.457286 0.327745 0.003757 0.011997
0 0.598736 0.383773 0.003479 0.003480
0 0.227507 0.373974 0.012653 0.018375
0 0.957697 0.599885 0.018333 0.037283
0 0.632024 0.383836 0.003767 0.003868
0 0.380291 0.322768 0.002899 0.009411
0 0.194548 0.365043 0.008937 0.012138
0 0.309315 0.362704 0.006815 0.009987
0 0.279496 0.361337 0.005397 0.021273
0 0.404159 0.323539 0.002821 0.006586
0 0.398236 0.321658 0.004371 0.006020
0 0.215014 0.384117 0.007404 0.009030
0 0.205338 0.347635 0.006681 0.011704
