0 0.236631 0.413053 0.008494 0.020211
0 0.715089 0.547122 0.071696 0.031086
0 0.296930 0.364145 0.004117 0.019737
0 0.779463 0.435082 0.004684 0.008125
0 0.715397 0.346382 0.007717 0.022368
0 0.283524 0.404778 0.004697 0.007911
0 0.283163 0.437579 0.017012 0.052632
0 0.814275 0.592336 0.072633 0.035066
0 0.267628 0.428240 0.014546 0.021612
0 0.766987 0.584359 0.032002 0.032533
0 0.229465 0.428454 0.019078 0.015461
0 0.972510 0.471217 0.027367 0.030592
0 0.552515 0.476974 0.012327 0.023026
0 0.369206 0.356908 0.003698 0.011842
0 0.422584 0.374671 0.004931 0.005921
0 0.232865 0.388487 0.017998 0.026316
0 0.417160 0.342270 0.002959 0.012829
0 0.514670 0.318257 0.003698 0.006250
0 0.427145 0.437829 0.016519 0.053947
0 0.449581 0.347039 0.004684 0.007895
0 0.007150 0.456250 0.014300 0.025658
0 0.244453 0.321711 0.003698 0.015132
0 0.410626 0.360526 0.003698 0.013816
0 0.325197 0.388816 0.007396 0.034868
0 0.442801 0.335526 0.002465 0.007237
0 0.802761 0.427467 0.008876 0.021382
0 0.514053 0.310362 0.001972 0.002961
0 0.240754 0.366118 0.018984 0.005263
0 0.081361 0.390461 0.018738 0.080263
0 0.420735 0.334211 0.003205 0.012500
0 0.439226 0.336678 0.002219 0.004276
0 0.358481 0.332237 0.003452 0.013816
0 0.249507 0.335197 0.003945 0.016447
0 0.599236 0.379770 0.010108 0.027961
0 0.357125 0.316941 0.002712 0.011513
0 0.788585 0.492105 0.026381 0.078289
0 0.343565 0.347039 0.003698 0.011842
0 0.334566 0.401316 0.002959 0.007237
0 0.404586 0.359375 0.004438 0.016118
0 0.342579 0.400987 0.003698 0.006579
0 0.099482 0.396217 0.019477 0.076645
0 0.380794 0.355099 0.005671 0.014803
0 0.253789 0.394735 0.005971 0.009102
0 0.247764 0.410100 0.014384 0.023885
0 0.271028 0.409852 0.008772 0.044862
0 0.312998 0.440819 0.028388 0.044375
0 0.736421 0.422987 0.006580 0.021454
0 0.782692 0.475360 0.007894 0.032964
0 0.405000 0.323984 0.002712 0.008882
0 0.263886 0.324701 0.003698 0.015461
0 0.251395 0.355035 0.004753 0.011378
0 0.493861 0.384161 0.025197 0.005822
0 0.244444 0.345041 0.004504 0.007812
0 0.272076 0.325309 0.004753 0.016447
0 0.362401 0.321069 0.002909 0.007928
0 0.523311 0.365000 0.003452 0.005526
0 0.341598 0.371173 0.006203 0.019628
0 0.228740 0.344911 0.004818 0.009211
0 0.435427 0.335247 0.002712 0.007566
0 0.513807 0.378503 0.006903 0.021283
0 0.518639 0.365740 0.002663 0.004046
0 0.517290 0.356862 0.002318 0.004605
0 0.261730 0.325979 0.002848 0.012911
0 0.242531 0.341099 0.003104 0.007197
0 0.471917 0.348865 0.004144 0.006908
0 0.185658 0.327546 0.004191 0.016118
0 0.195071 0.341033 0.003353 0.022697
0 0.391810 0.319816 0.003452 0.012500
0 0.516901 0.346694 0.001257 0.003257
0 0.469292 0.315819 0.002416 0.008882
0 0.481266 0.479265 0.016413 0.016799
0 0.185293 0.394079 0.015064 0.026974
0 0.262936 0.390464 0.011834 0.013158
0 0.277367 0.349424 0.005424 0.020559
0 0.698471 0.540839 0.040434 0.073586
0 0.563730 0.506211 0.054443 0.017382
0 0.531395 0.314586 0.001972 0.002539
0 0.536859 0.328788 0.003738 0.003668
0 0.518697 0.347507 0.001393 0.002270
0 0.492965 0.353847 0.003114 0.004470
0 0.183243 0.354840 0.007004 0.009753
0 0.096804 0.314849 0.004677 0.009559
0 0.117198 0.314457 0.005994 0.008776
0 0.117782 0.329867 0.009504 0.018141
0 0.527800 0.314490 0.003242 0.002730
0 0.467332 0.346875 0.002712 0.004276
0 0.337771 0.323355 0.005917 0.006579
0 0.327663 0.321382 0.005424 0.007237
0 0.388314 0.355428 0.003945 0.014145
0 0.466716 0.304770 0.002465 0.008882
0 0.682076 0.373355 0.003698 0.005263
0 0.520312 0.347234 0.002039 0.003355
0 0.499043 0.309625 0.001726 0.007316
0 0.507674 0.310099 0.002335 0.006368
0 0.457571 0.314637 0.002234 0.008668
0 0.465388 0.315924 0.001827 0.009888
0 0.437215 0.326623 0.002133 0.002845
0 0.437420 0.318701 0.003553 0.011921
0 0.405491 0.308406 0.002234 0.010023
0 0.312645 0.350735 0.007209 0.010970
0 0.337214 0.363061 0.004773 0.010701
0 0.282645 0.356898 0.008121 0.014355
0 0.300868 0.358388 0.006193 0.008125
0 0.245394 0.358222 0.007520 0.010898
0 0.244340 0.351755 0.005648 0.008622
0 0.221794 0.344104 0.009470 0.008128
0 0.254279 0.356780 0.008898 0.014138
0 0.221504 0.370760 0.022051 0.012191
0 0.228023 0.407984 0.007066 0.012191
0 0.462771 0.355099 0.002465 0.003618
0 0.270340 0.378618 0.008136 0.027632
0 0.501972 0.314309 0.002465 0.004276
0 0.346031 0.312829 0.002219 0.009868
0 0.416420 0.322204 0.003452 0.012171
0 0.463388 0.341283 0.001726 0.002303
0 0.214744 0.397039 0.012327 0.036842
0 0.409147 0.345888 0.004684 0.014803
0 0.331484 0.359375 0.004684 0.016776
0 0.350222 0.312829 0.002219 0.008553
0 0.465607 0.364474 0.004191 0.013158
0 0.307657 0.447063 0.018809 0.045612
0 0.374260 0.359704 0.002959 0.005592
0 0.817184 0.498191 0.021450 0.070066
0 0.222008 0.414378 0.036324 0.021849
0 0.536494 0.505582 0.037229 0.043092
0 0.732187 0.422368 0.009739 0.028289
0 0.761637 0.380099 0.005325 0.006908
0 0.208518 0.393750 0.010232 0.013816
0 0.567367 0.493086 0.025523 0.049342
0 0.299803 0.411776 0.013807 0.022237
0 0.284393 0.348684 0.003205 0.017105
0 0.235651 0.347385 0.007002 0.021086
0 0.440459 0.323424 0.002712 0.008224
