0 0.855639 0.452298 0.007012 0.015148
0 0.928575 0.456998 0.004571 0.007760
0 0.816068 0.462211 0.015360 0.032303
0 0.602771 0.459760 0.024877 0.011362
0 0.095496 0.485638 0.011252 0.018092
0 0.882437 0.453188 0.010185 0.012921
0 0.055826 0.500265 0.031736 0.099701
0 0.099199 0.369691 0.004034 0.012250
0 0.254175 0.355059 0.003518 0.008243
0 0.227917 0.354559 0.003575 0.014309
0 0.114682 0.496609 0.027120 0.040803
0 0.359953 0.443164 0.006011 0.008020
0 0.021347 0.499688 0.025101 0.111632
0 0.052027 0.378990 0.007017 0.012638
0 0.078400 0.382411 0.003900 0.015046
0 0.073180 0.381850 0.004872 0.016891
