0 0.235097 0.520360 0.018681 0.009852
0 0.172091 0.377961 0.004931 0.005921
0 0.370685 0.361842 0.003205 0.005921
0 0.238720 0.370395 0.001800 0.008158
0 0.069650 0.411842 0.007150 0.020395
0 0.771326 0.508224 0.017505 0.058553
0 0.168565 0.522786 0.027811 0.033967
0 0.247535 0.512270 0.024162 0.029408
0 0.995809 0.495230 0.007890 0.018092
0 0.283941 0.520370 0.031082 0.018668
0 0.084073 0.385362 0.003945 0.016776
0 0.022313 0.434046 0.008629 0.033882
0 0.096893 0.376645 0.004438 0.015789
0 0.068627 0.394959 0.005631 0.010641
0 0.062324 0.492046 0.016423 0.013039
0 0.270733 0.374995 0.002443 0.004832
0 0.328998 0.494692 0.008982 0.026622
0 0.002638 0.411725 0.005276 0.009839
0 0.064169 0.391224 0.004536 0.015651
0 0.273156 0.494125 0.013471 0.062658
0 0.546351 0.565164 0.034517 0.027566
0 0.279285 0.402829 0.012747 0.008947
0 0.334744 0.346663 0.001716 0.006740
0 0.500000 0.538651 0.019231 0.077961
0 0.332732 0.345048 0.002263 0.008694
0 0.080745 0.420066 0.007150 0.026316
0 0.098997 0.486090 0.018033 0.022490
0 0.012759 0.361184 0.004561 0.011842
0 0.058679 0.384868 0.005917 0.015789
0 0.041718 0.482970 0.015636 0.021533
0 0.120377 0.498947 0.023299 0.042632
0 0.110207 0.425329 0.007890 0.019737
0 0.327899 0.473240 0.015365 0.037007
0 0.220571 0.369676 0.003632 0.011898
0 0.740138 0.519243 0.009862 0.027961
0 0.267875 0.366118 0.002712 0.011842
0 0.073102 0.386020 0.004191 0.014803
0 0.159808 0.527100 0.036055 0.053234
0 0.053311 0.498643 0.048161 0.010345
0 0.400780 0.435038 0.006097 0.003826
0 0.561404 0.563661 0.008849 0.023303
0 0.567219 0.562658 0.005084 0.016520
0 0.290925 0.527515 0.012584 0.017832
0 0.340385 0.363651 0.002663 0.006908
0 0.248301 0.376263 0.002934 0.004770
0 0.246672 0.360855 0.003205 0.006579
0 0.023897 0.409462 0.009071 0.012938
0 0.199559 0.437207 0.010104 0.013849
0 0.346942 0.364852 0.003168 0.005796
0 0.033296 0.452461 0.004660 0.005776
0 0.323718 0.500521 0.011243 0.015405
0 0.734098 0.509539 0.020957 0.050000
0 0.056965 0.427138 0.009887 0.031908
0 0.290804 0.372862 0.004191 0.005592
0 0.983605 0.482401 0.015533 0.038487
0 0.032298 0.410855 0.005917 0.008553
0 0.050666 0.409046 0.005671 0.013487
0 0.250099 0.360444 0.002806 0.010507
0 0.163343 0.367992 0.002436 0.007720
0 0.159485 0.366502 0.002234 0.010701
0 0.179435 0.367383 0.002742 0.009753
0 0.354450 0.535806 0.040754 0.068520
0 0.045981 0.426645 0.005671 0.030921
