0 0.631534 0.387007 0.006164 0.008882
0 0.503008 0.372434 0.004783 0.013947
0 0.226403 0.429556 0.028279 0.014441
0 0.252984 0.385020 0.005974 0.009276
0 0.419909 0.463355 0.015360 0.031316
0 0.287599 0.325000 0.003205 0.011842
0 0.354216 0.337993 0.004586 0.015461
0 0.256657 0.330740 0.004931 0.008257
0 0.233762 0.418530 0.014320 0.011467
0 0.286272 0.413059 0.028240 0.009711
0 0.095661 0.323520 0.003452 0.010855
0 0.224211 0.351069 0.004684 0.013914
0 0.325931 0.362135 0.004450 0.024013
0 0.320536 0.364806 0.005767 0.027625
0 0.241218 0.345007 0.005178 0.022092
0 0.320833 0.345230 0.004586 0.014145
0 0.372247 0.331984 0.003681 0.005770
0 0.005165 0.420016 0.010330 0.086283
0 0.312562 0.362253 0.006780 0.024507
0 0.193791 0.404452 0.025032 0.011806
0 0.901381 0.488651 0.020217 0.063487
0 0.312303 0.338980 0.003797 0.019408
0 0.481262 0.354770 0.003945 0.006250
0 0.036620 0.401197 0.020217 0.082237
0 0.556770 0.312141 0.002081 0.003020
0 0.329389 0.434046 0.016272 0.058224
0 0.537086 0.312625 0.001810 0.002533
0 0.491494 0.453618 0.010108 0.018421
0 0.519724 0.372539 0.011341 0.010855
0 0.383888 0.342763 0.003427 0.007237
0 0.220735 0.339225 0.005966 0.020102
0 0.458457 0.314803 0.001726 0.007895
0 0.545732 0.374674 0.004931 0.006250
0 0.235858 0.345421 0.004951 0.018079
0 0.119576 0.405905 0.016765 0.070428
0 0.250910 0.339551 0.006405 0.011076
0 0.466223 0.329441 0.002465 0.004276
0 0.317325 0.368525 0.004719 0.016174
0 0.254089 0.415780 0.010791 0.047796
0 0.099975 0.324507 0.005178 0.011513
0 0.248767 0.324572 0.003452 0.015461
0 0.475962 0.355263 0.006164 0.011842
0 0.692308 0.538158 0.026134 0.041447
0 0.733481 0.495066 0.025148 0.084211
0 0.476356 0.331643 0.003077 0.003622
0 0.231289 0.390576 0.012520 0.025888
0 0.236889 0.380510 0.007396 0.011842
0 0.107002 0.327303 0.004931 0.013816
0 0.104043 0.404605 0.015286 0.076974
0 0.288592 0.428094 0.013338 0.019115
0 0.271818 0.434380 0.021255 0.029793
0 0.294872 0.322533 0.003452 0.014145
0 0.346770 0.343257 0.004191 0.015461
0 0.509053 0.321234 0.002909 0.003250
0 0.024297 0.419868 0.013486 0.090658
0 0.233294 0.362401 0.008950 0.029803
0 0.227671 0.354281 0.003469 0.005339
0 0.491731 0.485832 0.037500 0.032632
0 0.027300 0.428740 0.013397 0.079303
0 0.325392 0.346740 0.002964 0.010855
0 0.394933 0.328010 0.004512 0.011941
0 0.308925 0.434046 0.018245 0.027961
0 0.380671 0.351974 0.001972 0.002632
0 0.468072 0.324178 0.003205 0.007566
0 0.655819 0.421546 0.006410 0.006250
0 0.247496 0.419395 0.004776 0.003329
0 0.210084 0.332926 0.007495 0.009707
0 0.455005 0.356579 0.002712 0.004605
0 0.841346 0.450000 0.017998 0.039474
0 0.183151 0.358329 0.006164 0.010526
0 0.490138 0.329770 0.002959 0.004934
0 0.270144 0.412262 0.006842 0.009562
0 0.574211 0.416447 0.011834 0.032895
0 0.453809 0.434342 0.015113 0.040395
0 0.311884 0.324342 0.003452 0.013158
0 0.308555 0.339145 0.004684 0.020395
0 0.200444 0.337993 0.006410 0.018750
0 0.472399 0.373322 0.013338 0.020329
0 0.435404 0.310526 0.001972 0.003947
0 0.481397 0.470153 0.019549 0.030865
0 0.459073 0.322204 0.001972 0.009539
0 0.576923 0.308059 0.002465 0.003618
0 0.780387 0.574079 0.019107 0.056053
0 0.189349 0.349671 0.007396 0.016447
0 0.519107 0.458273 0.010108 0.019836
0 0.286164 0.361743 0.005917 0.020724
0 0.477811 0.323684 0.001972 0.008553
0 0.807322 0.579276 0.053501 0.063158
0 0.347510 0.366941 0.006164 0.024671
0 0.290311 0.323849 0.002712 0.014145
0 0.187007 0.330757 0.004191 0.012171
0 0.463881 0.316118 0.002219 0.009211
0 0.509172 0.324245 0.004931 0.004339
0 0.111440 0.329441 0.003945 0.015461
0 0.356632 0.387319 0.006657 0.017467
0 0.437388 0.330488 0.004953 0.003760
0 0.251468 0.393836 0.011561 0.015684
0 0.496492 0.324299 0.003205 0.007566
0 0.515533 0.436513 0.011341 0.057895
0 0.299848 0.424217 0.023025 0.010289
0 0.233393 0.343903 0.003762 0.013043
0 0.457717 0.425773 0.009122 0.038914
0 0.428671 0.473683 0.018940 0.020918
0 0.443910 0.310526 0.003698 0.005921
0 0.389289 0.343484 0.002488 0.003118
0 0.111021 0.372451 0.007051 0.017270
0 0.377589 0.351809 0.002219 0.002961
0 0.448871 0.479132 0.020128 0.083553
0 0.225561 0.418349 0.009776 0.010145
0 0.219305 0.376809 0.010602 0.031250
0 0.275542 0.428714 0.008245 0.017855
0 0.135301 0.365322 0.014842 0.011954
0 0.367727 0.329589 0.003698 0.013191
0 0.302761 0.322533 0.003452 0.014145
0 0.175890 0.330641 0.004300 0.006303
0 0.171273 0.325796 0.004371 0.008467
0 0.233315 0.335908 0.006063 0.008184
0 0.135232 0.412829 0.018984 0.095395
0 0.189503 0.414437 0.011511 0.011303
0 0.280695 0.326316 0.003698 0.008553
