0 0.027701 0.480816 0.010925 0.036757
0 0.498213 0.430451 0.004265 0.004954
0 0.096472 0.384097 0.003895 0.006681
0 0.232061 0.361357 0.002367 0.006497
0 0.616214 0.590477 0.053844 0.130375
0 0.069062 0.421503 0.006679 0.025059
0 0.014965 0.441975 0.016109 0.026319
0 0.231018 0.360595 0.001948 0.006836
0 0.092297 0.492696 0.006679 0.015595
0 0.548132 0.441673 0.006684 0.010207
0 0.100716 0.384283 0.005427 0.005941
0 0.593545 0.352903 0.004507 0.008918
0 0.056122 0.484804 0.018368 0.038056
0 0.250149 0.433663 0.007374 0.019306
0 0.036159 0.497610 0.025178 0.091885
0 0.086453 0.455104 0.008070 0.037313
0 0.114490 0.502163 0.037983 0.022280
0 0.254671 0.437467 0.005565 0.012066
0 0.074700 0.420765 0.006270 0.024326
0 0.087706 0.421503 0.007512 0.025803
0 0.550588 0.431734 0.009983 0.011388
0 0.227957 0.365597 0.002784 0.006437
0 0.005248 0.422140 0.008686 0.016681
