0 0.482865 0.310099 0.002219 0.007697
0 0.242438 0.422288 0.011967 0.014043
0 0.116617 0.321875 0.004438 0.008882
0 0.462373 0.470513 0.019006 0.018855
0 0.514320 0.325082 0.001410 0.002257
0 0.570831 0.362814 0.002283 0.002885
0 0.512077 0.322178 0.002226 0.008276
0 0.465643 0.321539 0.002199 0.007336
0 0.452678 0.349382 0.003146 0.008941
0 0.228969 0.343786 0.004872 0.007855
0 0.214299 0.348461 0.009440 0.022079
0 0.238359 0.332679 0.003553 0.009753
0 0.236329 0.340061 0.003757 0.008806
0 0.243741 0.319405 0.005584 0.007855
0 0.244285 0.399678 0.011109 0.017362
0 0.272469 0.410421 0.008208 0.019980
0 0.254226 0.392344 0.003363 0.014043
0 0.224914 0.412727 0.019591 0.013849
0 0.499567 0.500867 0.041935 0.042806
0 0.251849 0.323520 0.003205 0.015461
0 0.242727 0.409539 0.011095 0.017105
0 0.683309 0.538487 0.013067 0.059868
0 0.376479 0.326974 0.002959 0.010526
0 0.405695 0.340625 0.003698 0.005592
0 0.395957 0.312007 0.002465 0.008224
0 0.778600 0.509704 0.020217 0.080592
0 0.609098 0.480428 0.014546 0.080592
0 0.399532 0.325329 0.003698 0.009868
0 0.805597 0.585526 0.067308 0.045395
0 0.447485 0.362007 0.005917 0.018750
0 0.714990 0.529112 0.024655 0.102303
0 0.629068 0.400329 0.005178 0.006579
0 0.385232 0.330428 0.002219 0.004934
0 0.276011 0.325658 0.003205 0.015789
0 0.401257 0.312007 0.002219 0.009539
0 0.485947 0.365625 0.008383 0.012829
0 0.010725 0.441941 0.021450 0.056250
0 0.414818 0.346382 0.003698 0.007237
0 0.242604 0.353783 0.010355 0.017434
0 0.534393 0.357237 0.005178 0.007237
0 0.595661 0.299178 0.001479 0.004934
0 0.528600 0.357237 0.004931 0.007237
0 0.406558 0.327467 0.003945 0.009539
0 0.471154 0.365296 0.004438 0.013487
0 0.599975 0.393914 0.005671 0.016776
0 0.498397 0.358059 0.003205 0.008224
0 0.284024 0.413158 0.015286 0.026316
0 0.192308 0.349178 0.007890 0.016118
0 0.578156 0.387007 0.006903 0.009539
0 0.565705 0.383224 0.005671 0.015789
0 0.322362 0.344408 0.005671 0.020395
0 0.564842 0.489474 0.037968 0.048684
0 0.456238 0.325987 0.003205 0.007895
0 0.477194 0.351316 0.003698 0.003947
0 0.238042 0.381579 0.011095 0.017105
0 0.396326 0.342599 0.006164 0.015461
0 0.342690 0.327944 0.003476 0.013125
0 0.267382 0.403898 0.008629 0.018980
0 0.414620 0.366776 0.004586 0.011842
0 0.334371 0.346082 0.005178 0.016118
0 0.367887 0.333322 0.003378 0.009408
0 0.304935 0.327127 0.003642 0.012457
0 0.358654 0.332533 0.002811 0.007829
0 0.346068 0.315477 0.003378 0.013191
0 0.339149 0.344005 0.006612 0.016530
0 0.289312 0.346217 0.007175 0.021382
0 0.318553 0.343026 0.004413 0.018947
0 0.219082 0.394263 0.024657 0.023250
0 0.588018 0.360099 0.003945 0.003092
0 0.274223 0.433388 0.031928 0.031250
0 0.419749 0.344391 0.004684 0.013849
0 0.383304 0.326513 0.003205 0.012237
0 0.210510 0.349321 0.006100 0.022674
0 0.288402 0.322388 0.003767 0.015132
0 0.311588 0.439309 0.016174 0.042434
0 0.220205 0.392299 0.020291 0.020204
0 0.186450 0.337859 0.005917 0.010197
0 0.233703 0.356661 0.014744 0.012664
0 0.462645 0.315589 0.003550 0.007697
0 0.469580 0.308204 0.001965 0.007737
0 0.330057 0.367158 0.008930 0.025632
0 0.185959 0.391727 0.013683 0.027730
0 0.447940 0.307087 0.002389 0.006918
0 0.230599 0.389653 0.013171 0.025030
0 0.338841 0.350451 0.003531 0.008836
0 0.218393 0.413980 0.026529 0.015461
0 0.345282 0.329837 0.003913 0.015326
0 0.330401 0.344768 0.005081 0.017431
0 0.260540 0.393586 0.012451 0.016118
0 0.420192 0.466694 0.017899 0.026809
0 0.407751 0.454609 0.009246 0.022039
0 0.436637 0.472023 0.029093 0.010559
0 0.944280 0.514967 0.023176 0.070066
0 0.255547 0.412336 0.012574 0.020066
0 0.760355 0.579441 0.024655 0.041776
0 0.411736 0.345888 0.002959 0.007566
0 0.599729 0.485362 0.016026 0.068092
0 0.263683 0.338980 0.006657 0.019408
0 0.567678 0.362007 0.002712 0.004934
0 0.502342 0.370888 0.004191 0.004276
0 0.996302 0.454441 0.006903 0.030592
