0 0.318762 0.527072 0.051282 0.022566
0 0.018503 0.435408 0.019186 0.013809
0 0.865631 0.557566 0.014300 0.021711
0 0.072978 0.490099 0.018245 0.073618
0 0.242850 0.392188 0.002465 0.009046
0 0.425994 0.543888 0.015321 0.021237
0 0.188240 0.479112 0.008629 0.029276
0 0.152973 0.383067 0.003176 0.014128
0 0.025836 0.408888 0.009472 0.013474
0 0.098311 0.394079 0.004808 0.015789
0 0.285503 0.394013 0.006410 0.007368
0 0.625000 0.544737 0.026134 0.035526
0 0.517012 0.559868 0.021696 0.037500
0 0.016775 0.429931 0.004665 0.008164
0 0.273550 0.363211 0.002263 0.008283
0 0.393984 0.531250 0.022189 0.042763
0 0.006451 0.398610 0.011738 0.006905
0 0.126085 0.446546 0.008580 0.035197
0 0.454882 0.424178 0.009862 0.010197
0 0.288338 0.353454 0.002712 0.007566
0 0.271400 0.364638 0.001331 0.004868
0 0.446376 0.425822 0.005671 0.008882
0 0.497288 0.558717 0.017751 0.030592
0 0.179980 0.413158 0.006410 0.010526
0 0.105404 0.376980 0.003698 0.013816
0 0.020018 0.406189 0.003030 0.008924
0 0.148978 0.380275 0.003326 0.012477
0 0.154696 0.383288 0.002019 0.011957
0 0.426763 0.545658 0.013634 0.030789
0 0.144354 0.381908 0.004191 0.013816
0 0.174063 0.480921 0.023176 0.026316
0 0.295611 0.363816 0.002465 0.008553
0 0.131408 0.397204 0.003205 0.013487
0 0.358826 0.532056 0.026381 0.050296
0 0.114142 0.423701 0.007618 0.028289
0 0.109896 0.410849 0.006036 0.019395
0 0.070377 0.428454 0.010577 0.016776
0 0.985823 0.474671 0.013560 0.030263
0 0.668023 0.526645 0.019970 0.054605
