0 0.302369 0.365740 0.005483 0.023704
0 0.539862 0.298214 0.002032 0.007526
0 0.314450 0.363235 0.006701 0.029530
0 0.457379 0.311901 0.003314 0.012322
0 0.416331 0.307063 0.004162 0.010428
0 0.272978 0.321151 0.007189 0.009474
0 0.116315 0.325959 0.010762 0.013003
0 0.120377 0.326025 0.010557 0.015306
0 0.324553 0.368316 0.005382 0.019099
0 0.185383 0.334234 0.006802 0.013546
0 0.488047 0.299437 0.002184 0.005079
0 0.172388 0.334505 0.011472 0.018964
0 0.235872 0.335054 0.006294 0.020602
0 0.283111 0.344610 0.003107 0.013141
