0 0.064500 0.765262 0.017027 0.017668
0 0.524474 0.261543 0.004450 0.023447
0 0.581995 0.267250 0.004127 0.023395
0 0.570759 0.266612 0.005424 0.025329
0 0.884739 0.300000 0.007643 0.021053
0 0.980576 0.262780 0.006255 0.009388
0 0.584677 0.276569 0.007372 0.012783
0 0.892924 0.259595 0.004822 0.009388
0 0.521758 0.261184 0.005547 0.025000
0 0.504225 0.262095 0.004223 0.022138
0 0.482212 0.263701 0.003871 0.017336
0 0.491689 0.261171 0.006070 0.023053
0 0.564867 0.265625 0.005473 0.025987
0 0.586081 0.268988 0.006240 0.022484
0 0.532298 0.262007 0.008383 0.022697
0 0.574661 0.267906 0.008124 0.024516
0 0.832840 0.666612 0.053748 0.175987
0 0.814965 0.259868 0.004191 0.010526
0 0.971524 0.257730 0.003698 0.016776
0 0.878526 0.253454 0.003550 0.024671
0 0.132878 0.760215 0.017576 0.016944
0 0.515631 0.260855 0.005128 0.026316
0 0.790901 0.627405 0.035895 0.169408
0 0.485022 0.260592 0.008457 0.023816
0 0.920488 0.254276 0.006164 0.022368
0 0.560528 0.273569 0.007150 0.013520
0 0.803353 0.580789 0.021154 0.074737
0 0.509443 0.260872 0.004586 0.025625
0 0.499046 0.261592 0.004916 0.018921
0 0.501442 0.259819 0.004364 0.024243
0 0.897093 0.256987 0.002737 0.003132
0 0.810035 0.261020 0.005178 0.016118
0 0.845451 0.630954 0.030991 0.141513
