0 0.483539 0.351882 0.001852 0.002684
0 0.667393 0.445031 0.009391 0.010674
0 0.332797 0.360345 0.002424 0.005783
0 0.100592 0.426928 0.009670 0.021217
0 0.067135 0.468000 0.009670 0.014428
0 0.567188 0.349462 0.001610 0.001701
0 0.050878 0.481342 0.040607 0.017513
0 0.244474 0.359793 0.002576 0.007566
0 0.600668 0.625544 0.062436 0.093286
0 0.193701 0.372340 0.003166 0.010306
0 0.500047 0.349679 0.003141 0.004082
0 0.510796 0.393405 0.003220 0.003868
0 0.164400 0.381480 0.003459 0.014638
0 0.090798 0.403505 0.004071 0.019859
0 0.167123 0.395967 0.003018 0.015125
0 0.918836 0.371086 0.007885 0.011447
0 0.197675 0.407719 0.007421 0.009128
0 0.147406 0.447803 0.006869 0.017822
0 0.353331 0.360209 0.002372 0.005069
0 0.322380 0.533337 0.067024 0.020891
0 0.159058 0.370605 0.003087 0.010467
0 0.071587 0.401117 0.004071 0.017168
0 0.091495 0.387166 0.004835 0.012293
0 0.168851 0.368219 0.003240 0.011102
0 0.294978 0.396577 0.002135 0.002556
0 0.361804 0.349995 0.002098 0.003109
0 0.258719 0.405515 0.007069 0.012378
0 0.512204 0.349141 0.002175 0.003224
0 0.358752 0.358451 0.001869 0.002612
0 0.291481 0.396283 0.004859 0.005303
0 0.010455 0.439485 0.016423 0.009674
0 0.143146 0.461212 0.016410 0.017819
0 0.248229 0.373299 0.002576 0.006875
0 0.380309 0.543872 0.026561 0.039513
0 0.267371 0.385184 0.004786 0.010020
0 0.272152 0.518105 0.017860 0.027901
0 0.700276 0.592039 0.037860 0.054382
0 0.343466 0.343778 0.001770 0.005470
0 0.016949 0.418271 0.005471 0.017484
0 0.929156 0.371396 0.005796 0.009280
0 0.132777 0.505275 0.031294 0.037681
0 0.242892 0.391714 0.003974 0.009921
0 0.150080 0.397245 0.002355 0.012181
0 0.183994 0.533788 0.022288 0.041345
0 0.528428 0.380566 0.002576 0.002474
0 0.164644 0.441354 0.007759 0.034457
0 0.041260 0.490609 0.032668 0.024645
0 0.543651 0.572895 0.061672 0.033197
0 0.020651 0.484398 0.008245 0.024849
0 0.334358 0.368179 0.003306 0.002799
0 0.238770 0.406646 0.009423 0.010510
0 0.365224 0.367046 0.001529 0.001493
0 0.082718 0.399431 0.003691 0.016125
0 0.366392 0.362056 0.002576 0.005908
0 0.285197 0.354878 0.001943 0.006276
0 0.475261 0.609148 0.072357 0.035237
0 0.360139 0.363803 0.002024 0.002914
0 0.406336 0.530429 0.043812 0.051734
0 0.076866 0.438979 0.012086 0.028345
0 0.265584 0.480322 0.009610 0.019961
0 0.224965 0.379633 0.002870 0.009135
0 0.247898 0.393434 0.002650 0.003145
0 0.502099 0.395123 0.003863 0.005372
0 0.278807 0.352730 0.001637 0.006204
0 0.146593 0.498043 0.018624 0.048474
0 0.510732 0.449686 0.008891 0.022819
0 0.174300 0.506599 0.024576 0.030553
0 0.274438 0.351492 0.001987 0.006484
0 0.289569 0.354505 0.002199 0.007299
0 0.231554 0.402470 0.003681 0.004520
0 0.111024 0.385089 0.002798 0.010184
0 0.052188 0.416148 0.008523 0.023421
0 0.040547 0.411990 0.008397 0.023592
0 0.340159 0.345426 0.002049 0.004661
0 0.034442 0.388908 0.003563 0.010013
0 0.258645 0.360480 0.002650 0.009724
0 0.272229 0.371776 0.003609 0.008151
0 0.939824 0.370081 0.005333 0.012220
0 0.085900 0.401898 0.004453 0.014586
0 0.180006 0.372689 0.003607 0.008641
0 0.324819 0.476658 0.009924 0.037882
0 0.055494 0.453066 0.012340 0.042941
0 0.530637 0.455488 0.009278 0.015082
0 0.101991 0.482089 0.012212 0.022237
0 0.252278 0.392549 0.005227 0.007467
0 0.258793 0.388278 0.003829 0.011688
0 0.115158 0.385768 0.004453 0.008826
0 0.305142 0.370107 0.002004 0.003293
0 0.174376 0.459176 0.013994 0.039885
0 0.095503 0.397563 0.005597 0.015105
0 0.075722 0.455867 0.008777 0.020707
0 0.332650 0.404245 0.004142 0.007313
0 0.348183 0.402618 0.007678 0.007638
0 0.054787 0.385479 0.004973 0.017556
0 0.095943 0.409289 0.007818 0.013145
0 0.048063 0.400525 0.005076 0.015168
0 0.163994 0.396066 0.003388 0.015125
0 0.565509 0.349776 0.001610 0.002329
0 0.050152 0.436516 0.009287 0.027493
0 0.324363 0.368584 0.002330 0.003852
0 0.324132 0.534298 0.054650 0.021997
0 0.725053 0.450137 0.011827 0.011602
0 0.287267 0.354809 0.001995 0.007230
0 0.345518 0.358824 0.002239 0.003359
0 0.012633 0.403395 0.005947 0.015684
0 0.933909 0.372169 0.005333 0.009589
0 0.122219 0.384750 0.004324 0.010862
0 0.283143 0.522077 0.018777 0.023628
0 0.233173 0.401538 0.002061 0.003438
0 0.129788 0.406559 0.004453 0.017480
0 0.283560 0.353924 0.001943 0.008184
0 0.123554 0.478184 0.015648 0.019520
0 0.398761 0.373809 0.004509 0.016546
0 0.274548 0.384839 0.004564 0.009724
0 0.188748 0.407719 0.007189 0.011911
