0 0.496960 0.327725 0.001736 0.002898
0 0.445436 0.346039 0.006410 0.010355
0 0.433369 0.344477 0.005451 0.013151
0 0.513683 0.453618 0.012081 0.019737
0 0.210725 0.332984 0.008146 0.011013
0 0.537851 0.343156 0.002281 0.003043
0 0.208529 0.384084 0.008632 0.014003
0 0.292036 0.425987 0.016519 0.029605
0 0.697226 0.532905 0.025123 0.045066
0 0.498644 0.485033 0.045611 0.033224
0 0.573475 0.309467 0.002064 0.005507
0 0.186884 0.356250 0.006410 0.013816
0 0.453895 0.330592 0.003452 0.003947
0 0.292776 0.380263 0.006657 0.019737
0 0.459227 0.316887 0.001585 0.008049
0 0.205251 0.534112 0.033284 0.147829
0 0.329758 0.314145 0.002712 0.009868
0 0.292899 0.389638 0.006903 0.038487
0 0.480769 0.403289 0.008876 0.014474
0 0.489892 0.324836 0.003945 0.006908
0 0.330005 0.424836 0.012574 0.057566
0 0.235577 0.527467 0.034763 0.162829
0 0.419872 0.348849 0.003945 0.016118
0 0.224901 0.346711 0.013412 0.011842
0 0.439423 0.347023 0.003797 0.007862
0 0.209936 0.367434 0.012081 0.015789
0 0.391642 0.325832 0.002589 0.011842
0 0.412968 0.329770 0.002465 0.011513
0 0.270229 0.414178 0.007421 0.048553
0 0.442747 0.305566 0.001810 0.005132
0 0.567431 0.342105 0.002219 0.002632
0 0.255138 0.329204 0.003925 0.015671
0 0.377192 0.311934 0.004275 0.007632
0 0.447965 0.329921 0.002000 0.005289
0 0.679888 0.368965 0.002606 0.003332
0 0.421969 0.319806 0.004297 0.005836
0 0.467702 0.324178 0.002959 0.009539
0 0.377120 0.329112 0.004142 0.012829
0 0.353757 0.341628 0.005128 0.014013
0 0.684541 0.456743 0.016026 0.045724
0 0.446669 0.330169 0.001963 0.004628
0 0.565655 0.325558 0.001630 0.002332
0 0.317690 0.332730 0.003230 0.010197
0 0.700197 0.394572 0.007890 0.006908
0 0.500986 0.455263 0.012327 0.013158
0 0.400888 0.348520 0.002959 0.008882
0 0.319034 0.317533 0.003452 0.009671
0 0.456566 0.316263 0.002120 0.008750
0 0.519231 0.329112 0.004931 0.006250
0 0.240357 0.326770 0.004344 0.006908
0 0.683802 0.535362 0.015039 0.036513
0 0.182076 0.504276 0.030325 0.144737
0 0.478768 0.333811 0.002064 0.002609
0 0.340052 0.349836 0.004808 0.018092
0 0.311070 0.349671 0.004093 0.018421
0 0.191630 0.403602 0.027983 0.013191
0 0.284463 0.332747 0.004329 0.016678
0 0.432610 0.326566 0.002931 0.004349
0 0.354783 0.420888 0.014300 0.047039
0 0.280433 0.425743 0.008020 0.023855
0 0.186573 0.327084 0.003960 0.012595
0 0.237081 0.326204 0.002032 0.006500
0 0.365989 0.437674 0.016987 0.034757
0 0.277422 0.323446 0.003143 0.011332
0 0.460558 0.316018 0.002108 0.009214
0 0.648219 0.342113 0.002389 0.004490
0 0.303999 0.339638 0.003501 0.020066
0 0.589019 0.378868 0.005671 0.007237
0 0.313206 0.440508 0.025757 0.042470
0 0.710885 0.557138 0.070685 0.030000
0 0.552085 0.513303 0.012251 0.032066
0 0.439337 0.474013 0.035528 0.011184
0 0.231624 0.390824 0.016240 0.026773
0 0.582668 0.508553 0.031016 0.065132
0 0.355069 0.469697 0.031016 0.053651
0 0.244564 0.382911 0.005893 0.040822
0 0.360221 0.463696 0.019302 0.032345
0 0.466209 0.471164 0.012502 0.021553
0 0.241950 0.431332 0.037155 0.011678
0 0.227093 0.416390 0.024827 0.015391
0 0.575375 0.514112 0.060542 0.042697
0 0.423034 0.350579 0.004046 0.013158
0 0.424677 0.466734 0.018348 0.008112
0 0.279011 0.381118 0.011701 0.018158
0 0.246310 0.413752 0.012083 0.013069
0 0.328156 0.322464 0.004734 0.008954
0 0.289724 0.344862 0.005917 0.006987
0 0.300540 0.325301 0.005429 0.007648
