0 0.204672 0.362002 0.010064 0.013951
0 0.424736 0.471857 0.033511 0.035891
0 0.518163 0.351234 0.002125 0.002579
0 0.231451 0.424906 0.033508 0.021503
0 0.192018 0.321645 0.004638 0.016862
0 0.522269 0.351298 0.002611 0.005030
0 0.419512 0.329253 0.003092 0.006836
0 0.890510 0.419456 0.032658 0.012760
0 0.484871 0.464905 0.023770 0.036974
0 0.927855 0.423645 0.032756 0.014697
0 0.348152 0.446332 0.019712 0.034342
0 0.339965 0.349099 0.006361 0.020520
0 0.359331 0.319074 0.002576 0.012891
0 0.253818 0.327910 0.013449 0.006806
0 0.512722 0.300867 0.001282 0.002477
0 0.457564 0.300702 0.002253 0.007089
0 0.369313 0.450199 0.022379 0.030010
0 0.292150 0.424906 0.029916 0.019030
0 0.254340 0.352043 0.008000 0.025987
0 0.397578 0.317516 0.002576 0.013000
0 0.296903 0.419801 0.018319 0.022122
0 0.182341 0.320620 0.004509 0.015687
0 0.242339 0.322961 0.006723 0.008355
0 0.782702 0.412329 0.013102 0.013151
0 0.514411 0.299306 0.001450 0.005803
0 0.938322 0.470012 0.009016 0.031813
0 0.504153 0.349558 0.005796 0.009543
0 0.258513 0.319942 0.004058 0.013766
0 0.894423 0.426740 0.017875 0.018822
0 0.311140 0.318321 0.001852 0.009240
0 0.830472 0.510563 0.017507 0.040993
0 0.434777 0.350331 0.003286 0.008253
0 0.391575 0.466288 0.017046 0.037747
0 0.693065 0.502441 0.034729 0.038316
0 0.137747 0.337406 0.005483 0.010891
0 0.295088 0.317931 0.004238 0.008974
0 0.301373 0.318321 0.004241 0.008582
0 0.308317 0.316956 0.003508 0.013655
0 0.814414 0.494854 0.022029 0.066536
0 0.797253 0.422926 0.008348 0.023826
0 0.233521 0.418992 0.018550 0.028490
0 0.972584 0.518931 0.019034 0.089020
0 0.381023 0.315327 0.003960 0.007990
0 0.214974 0.323811 0.003942 0.009747
0 0.833312 0.462365 0.012522 0.050757
0 0.351037 0.318214 0.002576 0.012033
0 0.515941 0.299360 0.001447 0.005694
0 0.354661 0.318804 0.002576 0.011707
0 0.383367 0.309834 0.001852 0.009023
0 0.228715 0.342607 0.010784 0.008352
0 0.176222 0.323467 0.003706 0.009132
0 0.318950 0.316118 0.002978 0.009993
0 0.322372 0.314829 0.004349 0.012783
0 0.434874 0.329640 0.002707 0.003740
0 0.846739 0.420035 0.012562 0.016760
0 0.419278 0.307686 0.003462 0.004727
0 0.131308 0.335000 0.005959 0.016053
0 0.124869 0.320324 0.006691 0.017247
0 0.377966 0.317839 0.004226 0.012678
0 0.399317 0.317722 0.002352 0.008931
0 0.381324 0.308689 0.001938 0.005832
0 0.186408 0.329013 0.009482 0.009671
0 0.209651 0.352086 0.010185 0.025303
0 0.198794 0.356007 0.005222 0.010283
0 0.415696 0.301447 0.002039 0.008947
0 0.199294 0.329645 0.002739 0.010566
