0 0.233845 0.344230 0.002867 0.006520
0 0.389620 0.351316 0.005079 0.006579
0 0.362687 0.347322 0.003353 0.009868
0 0.177488 0.328092 0.004507 0.010888
0 0.534344 0.519145 0.050148 0.014342
0 0.226701 0.419901 0.013067 0.023355
0 0.360381 0.348661 0.002759 0.006664
0 0.468273 0.353357 0.003134 0.006727
0 0.484577 0.351298 0.003331 0.004181
0 0.470574 0.343655 0.002544 0.002612
0 0.507007 0.328873 0.003141 0.003813
0 0.504477 0.328791 0.001755 0.002885
0 0.525958 0.314612 0.001714 0.002395
0 0.570759 0.458224 0.019724 0.065789
0 0.524082 0.314120 0.001551 0.002286
0 0.533732 0.314610 0.001590 0.002503
0 0.510611 0.307850 0.001341 0.005549
0 0.504191 0.373684 0.005917 0.009868
0 0.147396 0.317770 0.005483 0.009428
0 0.102043 0.304722 0.003508 0.004214
0 0.281546 0.320072 0.003723 0.012757
0 0.295488 0.338980 0.006657 0.020066
0 0.130794 0.328618 0.004191 0.012500
0 0.410996 0.335855 0.002959 0.007895
0 0.276945 0.336418 0.003452 0.017763
0 0.281641 0.329349 0.004815 0.015842
0 0.231003 0.390247 0.012303 0.025888
0 0.316741 0.332895 0.002811 0.017105
0 0.324926 0.424918 0.014842 0.064309
0 0.302416 0.422105 0.032101 0.013289
0 0.181865 0.357806 0.006832 0.012678
0 0.209566 0.360855 0.010848 0.030921
0 0.009443 0.442763 0.018886 0.053947
0 0.268454 0.358507 0.003945 0.007895
0 0.858574 0.537628 0.021709 0.033612
0 0.256953 0.353125 0.004832 0.022039
0 0.817949 0.532056 0.027416 0.037138
0 0.518121 0.470263 0.023915 0.038553
0 0.941063 0.349836 0.007372 0.008224
0 0.308037 0.432056 0.015483 0.025954
0 0.198353 0.347036 0.006164 0.008553
0 0.887303 0.639194 0.080030 0.146809
0 0.496055 0.308717 0.001972 0.006250
0 0.800542 0.835033 0.100592 0.327303
0 0.339250 0.410033 0.017751 0.022697
0 0.327663 0.333717 0.003452 0.016776
0 0.544255 0.322368 0.002712 0.005921
0 0.082101 0.391941 0.023176 0.067434
0 0.485084 0.328289 0.004191 0.005263
0 0.428378 0.368421 0.011095 0.005263
0 0.258629 0.324671 0.003452 0.013158
0 0.670365 0.617434 0.042899 0.203289
0 0.107618 0.390625 0.016026 0.077303
0 0.451800 0.357895 0.003205 0.006579
0 0.332964 0.323520 0.004191 0.004934
0 0.289201 0.350000 0.004438 0.019079
0 0.488782 0.328947 0.002712 0.004605
0 0.464127 0.354441 0.004191 0.012171
0 0.526504 0.367928 0.005178 0.008224
0 0.536612 0.311349 0.001726 0.004934
0 0.571376 0.324013 0.002712 0.009868
0 0.801159 0.521053 0.010602 0.019737
0 0.433062 0.334539 0.003698 0.009211
0 0.359837 0.369901 0.007150 0.012171
0 0.456114 0.356908 0.004438 0.007237
0 0.567801 0.371217 0.002959 0.005592
0 0.444280 0.429934 0.011834 0.044079
0 0.370192 0.418257 0.012574 0.033224
0 0.666420 0.391941 0.009369 0.008882
0 0.322978 0.333388 0.004931 0.017434
0 0.781681 0.429276 0.010108 0.025000
0 0.329485 0.355589 0.004985 0.021164
0 0.791050 0.431908 0.009122 0.028947
0 0.480646 0.368421 0.003205 0.005921
0 0.184493 0.339308 0.006334 0.006990
0 0.187234 0.337033 0.005483 0.008289
0 0.524178 0.508737 0.014741 0.015618
0 0.241248 0.367763 0.007150 0.030263
0 0.702786 0.584704 0.057446 0.163487
0 0.246179 0.384539 0.007150 0.012500
0 0.568047 0.495395 0.040434 0.048026
0 0.382520 0.434704 0.010602 0.055592
0 0.459566 0.346711 0.003452 0.005263
0 0.418269 0.334375 0.004684 0.009539
0 0.196376 0.321053 0.004191 0.009868
0 0.910996 0.348520 0.004438 0.008882
0 0.786119 0.522204 0.018491 0.029934
0 0.475222 0.342763 0.002712 0.003947
0 0.640039 0.597697 0.037475 0.194079
0 0.471476 0.356914 0.006457 0.009329
0 0.206543 0.340201 0.008772 0.018204
0 0.219641 0.338656 0.008651 0.021293
0 0.247579 0.354479 0.002791 0.003951
0 0.244236 0.354817 0.003215 0.004628
0 0.237172 0.347309 0.006006 0.006546
0 0.255288 0.380887 0.009137 0.016418
0 0.249947 0.341215 0.004144 0.006773
0 0.250962 0.333031 0.005330 0.008918
0 0.267798 0.330434 0.004655 0.017270
0 0.243856 0.366951 0.020730 0.008579
0 0.224344 0.370099 0.008156 0.008947
0 0.563772 0.492248 0.031312 0.047951
0 0.291663 0.327936 0.003878 0.014589
0 0.319191 0.333674 0.003955 0.016283
0 0.244019 0.398360 0.008042 0.015602
0 0.242009 0.431602 0.034965 0.014467
0 0.474954 0.475495 0.036053 0.019977
0 0.333727 0.456454 0.019529 0.007243
0 0.272432 0.434595 0.020811 0.032237
0 0.177500 0.358538 0.006578 0.013655
0 0.193094 0.341794 0.005360 0.008780
0 0.219287 0.390477 0.015350 0.017066
0 0.538708 0.369424 0.004931 0.006612
0 0.310688 0.331082 0.007816 0.010461
0 0.470517 0.350813 0.003444 0.008204
0 0.367771 0.318645 0.003205 0.010855
0 0.262846 0.329470 0.003696 0.018493
0 0.552441 0.369030 0.011686 0.010428
0 0.396461 0.352918 0.003923 0.007322
0 0.398200 0.336809 0.003402 0.004671
0 0.520429 0.309188 0.001972 0.004934
0 0.327244 0.349574 0.003994 0.017431
0 0.472189 0.367171 0.006016 0.007368
0 0.182680 0.346217 0.009344 0.008882
0 0.126886 0.391941 0.032421 0.068092
0 0.393516 0.349638 0.003156 0.011776
0 0.443787 0.316201 0.002959 0.012007
0 0.349778 0.351974 0.006558 0.009868
0 0.228982 0.318010 0.004561 0.009704
0 0.280291 0.359938 0.016272 0.007566
0 0.199206 0.327410 0.005912 0.015714
0 0.508821 0.307497 0.001726 0.006908
0 0.218163 0.396712 0.030735 0.017431
0 0.256292 0.391605 0.014546 0.025658
0 0.474115 0.316829 0.002318 0.009408
0 0.318060 0.350327 0.004216 0.010924
0 0.180716 0.332561 0.003410 0.007477
