0 0.003203 0.430135 0.006040 0.034651
0 0.054920 0.454113 0.012059 0.013924
0 0.592140 0.574827 0.032890 0.112247
0 0.040893 0.390099 0.002885 0.015579
0 0.006049 0.399735 0.008232 0.010674
0 0.316296 0.392395 0.002922 0.004270
0 0.860152 0.509530 0.011980 0.013921
0 0.277193 0.523263 0.020870 0.046717
0 0.316441 0.513132 0.016349 0.068533
0 0.075733 0.482888 0.021916 0.031559
0 0.321368 0.515296 0.017160 0.069770
0 0.848558 0.507538 0.010330 0.018082
0 0.127446 0.471673 0.009857 0.011911
0 0.260414 0.378281 0.002239 0.003359
0 0.623820 0.564896 0.031852 0.060977
0 0.611585 0.442406 0.010685 0.020049
0 0.820359 0.492150 0.013691 0.041655
0 0.282277 0.355918 0.002226 0.009283
0 0.721850 0.438686 0.009016 0.010918
0 0.239278 0.501743 0.013683 0.021382
0 0.387597 0.399697 0.004440 0.004026
0 0.052369 0.467882 0.007653 0.020112
0 0.216320 0.507640 0.014144 0.017635
0 0.017412 0.433076 0.008000 0.022586
0 0.045724 0.389650 0.007315 0.016115
0 0.060602 0.482345 0.008812 0.024599
0 0.302322 0.356535 0.001622 0.004773
0 0.016426 0.407395 0.011363 0.013303
0 0.152113 0.382092 0.004034 0.007428
0 0.099550 0.487311 0.012872 0.032332
0 0.142369 0.479566 0.020685 0.031724
0 0.144528 0.479275 0.009465 0.034543
0 0.106792 0.483275 0.030493 0.035115
0 0.114354 0.470243 0.006568 0.015421
