0 0.443664 0.387664 0.006657 0.012829
0 0.550942 0.310260 0.001721 0.003743
0 0.666411 0.526316 0.027335 0.028289
0 0.198649 0.345822 0.010577 0.007434
0 0.202140 0.336655 0.010227 0.004829
0 0.476545 0.307299 0.001901 0.007487
0 0.211281 0.346617 0.006245 0.009299
0 0.469741 0.308839 0.001972 0.007566
0 0.248767 0.324178 0.004438 0.016776
0 0.185623 0.341123 0.003257 0.007247
0 0.981632 0.526645 0.012081 0.074342
0 0.992727 0.526645 0.014546 0.078289
0 0.475099 0.436349 0.016765 0.043750
0 0.239029 0.324836 0.004684 0.006908
0 0.251419 0.400837 0.014889 0.007339
0 0.249472 0.423977 0.030626 0.013434
0 0.236065 0.324367 0.002115 0.005740
0 0.243147 0.435377 0.047631 0.012010
0 0.231509 0.318914 0.002959 0.010197
0 0.678748 0.315954 0.003945 0.006908
0 0.707347 0.554770 0.067554 0.031250
0 0.381040 0.395066 0.011588 0.033553
0 0.206575 0.332972 0.004073 0.009780
0 0.318171 0.347533 0.006164 0.007566
0 0.327313 0.324030 0.005187 0.015164
0 0.424861 0.465842 0.026497 0.011322
0 0.479628 0.478303 0.012106 0.021349
0 0.244604 0.414431 0.011876 0.021270
0 0.194268 0.396699 0.019842 0.026141
0 0.276064 0.430363 0.028360 0.010793
0 0.308272 0.430954 0.016593 0.025724
0 0.241755 0.425679 0.007120 0.012786
0 0.307458 0.322207 0.004265 0.007888
0 0.369280 0.392599 0.006805 0.035197
0 0.620057 0.523684 0.044551 0.019079
0 0.443489 0.311378 0.001726 0.006908
0 0.302626 0.321595 0.004315 0.009178
0 0.164805 0.316974 0.005942 0.006974
0 0.552120 0.310683 0.001726 0.002898
0 0.317924 0.326089 0.001627 0.006572
0 0.227737 0.361332 0.002811 0.014836
0 0.327663 0.314183 0.002623 0.006760
0 0.525271 0.305099 0.001726 0.006908
0 0.112056 0.301151 0.004191 0.015461
0 0.392431 0.315012 0.003353 0.005964
0 0.248854 0.370641 0.011021 0.007928
0 0.182840 0.331711 0.004241 0.017500
0 0.067431 0.387829 0.019477 0.085526
0 0.437216 0.473957 0.037796 0.009164
0 0.545488 0.342599 0.003205 0.004934
0 0.501356 0.449178 0.009122 0.024671
0 0.555279 0.310240 0.001918 0.003928
0 0.212155 0.335681 0.006164 0.013158
0 0.367110 0.336776 0.002515 0.013947
0 0.239180 0.413747 0.006644 0.012520
0 0.106435 0.391875 0.033679 0.085987
0 0.734591 0.442105 0.013560 0.037500
0 0.230523 0.346595 0.007150 0.019572
0 0.492480 0.450987 0.010602 0.017763
0 0.539941 0.341941 0.003945 0.004934
0 0.514423 0.326016 0.001810 0.002171
0 0.389805 0.336727 0.002983 0.012072
0 0.522975 0.304824 0.001718 0.006641
0 0.330375 0.371875 0.011341 0.017434
0 0.455128 0.313487 0.001972 0.008553
0 0.541420 0.324342 0.002465 0.004605
0 0.585688 0.490296 0.021474 0.070066
0 0.610042 0.516842 0.010108 0.022697
0 0.505301 0.307730 0.002219 0.006908
0 0.357853 0.472220 0.027342 0.050954
0 0.116987 0.300164 0.004191 0.018092
0 0.404956 0.397697 0.007150 0.022368
0 0.286138 0.433760 0.028804 0.010605
0 0.398176 0.398355 0.008876 0.026974
0 0.190221 0.344941 0.009204 0.012158
0 0.448681 0.327829 0.003033 0.003026
0 0.216879 0.345385 0.007643 0.012171
0 0.224359 0.356086 0.007396 0.024013
0 0.267628 0.360855 0.008136 0.026316
0 0.444234 0.328673 0.002986 0.002898
