0 0.353920 0.386842 0.004684 0.005921
0 0.449704 0.318586 0.002465 0.003618
0 0.244946 0.326645 0.005671 0.011184
0 0.679980 0.425493 0.006903 0.010855
0 0.209689 0.325000 0.004684 0.016447
0 0.518267 0.314298 0.001139 0.002339
0 0.551425 0.518094 0.038471 0.066773
0 0.553851 0.479781 0.019058 0.016168
0 0.953402 0.438487 0.005917 0.009211
0 0.538776 0.314183 0.001314 0.001872
0 0.215668 0.338651 0.004068 0.019408
0 0.290064 0.337171 0.003698 0.014474
0 0.601208 0.406086 0.009122 0.028618
0 0.484419 0.305150 0.002498 0.005280
0 0.220451 0.380428 0.006484 0.010197
0 0.216716 0.391447 0.014300 0.017763
0 0.342036 0.367368 0.006755 0.022500
0 0.339127 0.317928 0.003698 0.009539
0 0.367727 0.319572 0.004684 0.007566
0 0.842332 0.420559 0.004191 0.005592
0 0.570893 0.524686 0.029172 0.060891
0 0.036243 0.403947 0.024162 0.089474
0 0.474421 0.334984 0.001603 0.003059
0 0.319650 0.362007 0.004684 0.014145
0 0.500727 0.328997 0.004463 0.004046
0 0.590657 0.334347 0.002019 0.002694
0 0.330005 0.316612 0.002219 0.010197
0 0.540752 0.325368 0.001726 0.002961
0 0.339744 0.344737 0.003945 0.019079
0 0.221031 0.342526 0.006657 0.010855
0 0.346031 0.317599 0.002712 0.011513
0 0.352934 0.364803 0.005671 0.019079
0 0.470014 0.323211 0.001541 0.006474
0 0.283284 0.326809 0.003452 0.009539
0 0.298077 0.402796 0.008876 0.026645
0 0.991864 0.495066 0.015286 0.061184
0 0.282678 0.391255 0.005404 0.018609
0 0.233037 0.391250 0.015385 0.027237
0 0.326800 0.328487 0.005671 0.014737
0 0.449363 0.335783 0.002207 0.002947
0 0.238849 0.341811 0.002717 0.003964
0 0.543762 0.399671 0.008136 0.026974
0 0.618343 0.415625 0.010355 0.029934
0 0.268999 0.335824 0.004162 0.013352
0 0.462837 0.319942 0.002581 0.009128
0 0.254315 0.414309 0.012081 0.041118
0 0.277245 0.391168 0.007394 0.019836
0 0.644031 0.356811 0.005089 0.005576
0 0.315705 0.354490 0.005178 0.025428
0 0.456605 0.349750 0.002801 0.004276
0 0.296252 0.344095 0.006312 0.020033
0 0.201787 0.359030 0.004019 0.013586
0 0.215533 0.399951 0.028501 0.008454
0 0.562818 0.314133 0.000912 0.001556
0 0.567080 0.313727 0.001319 0.001691
0 0.460883 0.316194 0.001499 0.004934
0 0.240270 0.426026 0.017029 0.007632
0 0.194889 0.336140 0.005084 0.008082
0 0.338757 0.393750 0.010848 0.040789
0 0.302885 0.330263 0.005178 0.009211
0 0.372165 0.320230 0.004191 0.006908
0 0.567352 0.487100 0.014507 0.013628
0 0.562904 0.498635 0.020099 0.024901
0 0.537670 0.325309 0.001972 0.002961
0 0.998397 0.437829 0.003205 0.007895
0 0.703772 0.398355 0.008629 0.007237
0 0.346524 0.336842 0.003698 0.003947
0 0.244984 0.374141 0.011482 0.020467
0 0.685158 0.336842 0.003452 0.004605
0 0.446869 0.498026 0.032791 0.042105
0 0.361317 0.322697 0.004191 0.012500
0 0.512451 0.391612 0.006657 0.025329
0 0.280399 0.405806 0.008037 0.033980
0 0.249507 0.358553 0.004438 0.011184
0 0.307322 0.320724 0.003205 0.008553
0 0.343076 0.319505 0.002103 0.007438
0 0.198508 0.416743 0.008950 0.012566
0 0.278895 0.339490 0.004339 0.019046
0 0.351857 0.321887 0.002204 0.007148
0 0.442106 0.314380 0.001997 0.008701
0 0.526287 0.318743 0.001578 0.002572
0 0.265656 0.355099 0.005671 0.021382
0 0.323932 0.364691 0.006312 0.019507
0 0.407421 0.354934 0.003698 0.015132
0 0.540424 0.473008 0.007643 0.010168
0 0.205745 0.373520 0.006164 0.025987
0 0.298531 0.348115 0.005656 0.009645
0 0.293109 0.348219 0.005498 0.009852
0 0.288709 0.348008 0.005185 0.008595
0 0.316448 0.367992 0.004455 0.010799
0 0.333640 0.317294 0.002729 0.008589
0 0.453894 0.350046 0.002522 0.003118
0 0.488507 0.483100 0.025969 0.017470
0 0.570351 0.314946 0.001166 0.001964
0 0.326852 0.441681 0.015912 0.024263
0 0.240079 0.326732 0.007229 0.010484
0 0.555051 0.481044 0.008331 0.008253
0 0.540837 0.312780 0.001403 0.004211
0 0.328156 0.350822 0.004931 0.018750
0 0.274778 0.339967 0.005671 0.017434
0 0.351331 0.346382 0.003945 0.016447
0 0.288380 0.321745 0.003787 0.011641
0 0.210429 0.373026 0.005178 0.026974
0 0.183826 0.334753 0.002268 0.004375
0 0.229074 0.338127 0.006309 0.011826
0 0.322804 0.376365 0.005427 0.007336
0 0.209850 0.334605 0.004512 0.010395
0 0.398176 0.367270 0.003945 0.015461
0 0.224975 0.353174 0.006164 0.017336
0 0.438733 0.321875 0.005671 0.005592
0 0.297991 0.370888 0.007569 0.025987
0 0.597872 0.527900 0.045419 0.050063
0 0.428008 0.311678 0.001972 0.006250
0 0.293344 0.323952 0.003997 0.014878
0 0.754684 0.422533 0.008383 0.008224
0 0.728550 0.403289 0.003452 0.006579
0 0.225651 0.368176 0.009300 0.017891
0 0.359483 0.364762 0.002946 0.004490
0 0.256410 0.333882 0.005424 0.019737
0 0.438486 0.334539 0.003698 0.004605
0 0.596635 0.500395 0.016494 0.044868
0 0.219428 0.363158 0.004043 0.012500
0 0.462032 0.365296 0.003945 0.014803
0 0.164818 0.335954 0.006657 0.012303
0 0.233111 0.335197 0.003698 0.017763
0 0.567801 0.308882 0.001479 0.003289
