0 0.468317 0.328398 0.002877 0.008487
0 0.502465 0.313816 0.001479 0.005263
0 0.446992 0.357566 0.002465 0.004605
0 0.389581 0.350069 0.003205 0.010197
0 0.809825 0.527237 0.029413 0.027500
0 0.300148 0.424974 0.035444 0.015763
0 0.213264 0.391118 0.006903 0.013158
0 0.445451 0.373191 0.011958 0.011513
0 0.482002 0.377984 0.004438 0.005921
0 0.226494 0.423597 0.021045 0.010760
0 0.230309 0.339408 0.004470 0.009355
0 0.439580 0.350681 0.004504 0.010526
0 0.663338 0.409868 0.006657 0.017105
0 0.191015 0.335641 0.006837 0.011928
0 0.421228 0.359444 0.004684 0.006579
0 0.340853 0.347697 0.005178 0.015132
0 0.212443 0.357780 0.006154 0.006638
0 0.272241 0.330199 0.004231 0.007806
0 0.323171 0.369150 0.004053 0.009720
0 0.456472 0.370625 0.003674 0.006118
0 0.343522 0.456107 0.014179 0.015214
0 0.449275 0.358553 0.002017 0.002691
0 0.267998 0.361513 0.008876 0.019079
0 0.328279 0.356743 0.004191 0.021382
0 0.350175 0.366558 0.002421 0.003510
0 0.476079 0.306942 0.001753 0.007135
0 0.302145 0.365461 0.005178 0.017763
0 0.591593 0.385247 0.012081 0.013257
0 0.442431 0.345066 0.003205 0.012500
0 0.322314 0.349896 0.003691 0.013799
0 0.439781 0.444523 0.023792 0.024770
0 0.430473 0.331743 0.004438 0.008882
0 0.562204 0.494308 0.028353 0.051168
0 0.680350 0.615132 0.045611 0.207895
0 0.582187 0.344793 0.001578 0.002947
0 0.600592 0.381414 0.003945 0.008224
0 0.889670 0.608059 0.042653 0.179276
0 0.496795 0.362336 0.005917 0.006908
0 0.672584 0.412007 0.010355 0.017434
0 0.385392 0.330954 0.002441 0.011711
0 0.316569 0.327275 0.003242 0.012970
0 0.467331 0.375275 0.004470 0.004326
0 0.238259 0.387035 0.011746 0.008293
0 0.490419 0.361418 0.005671 0.009211
0 0.679703 0.332112 0.001605 0.001947
0 0.380020 0.322816 0.003452 0.013816
0 0.881903 0.443092 0.006410 0.023684
0 0.579295 0.345143 0.002944 0.003089
0 0.584813 0.325000 0.003452 0.003947
0 0.458172 0.319668 0.001753 0.004211
0 0.531007 0.520054 0.044938 0.016602
0 0.541776 0.365276 0.002877 0.003434
0 0.379683 0.369732 0.002710 0.012280
0 0.300173 0.332072 0.003698 0.011513
0 0.424063 0.337007 0.003452 0.008224
0 0.205742 0.492862 0.040927 0.140461
0 0.737056 0.587171 0.047584 0.170395
0 0.668762 0.409539 0.004191 0.013158
0 0.344181 0.327138 0.003452 0.015461
0 0.926529 0.576974 0.031065 0.015132
0 0.305917 0.431184 0.015828 0.018750
0 0.226410 0.419324 0.019665 0.009378
0 0.562747 0.387993 0.006657 0.016776
0 0.308309 0.325493 0.004191 0.018092
0 0.477441 0.328454 0.003205 0.006908
0 0.256299 0.340877 0.013254 0.004911
0 0.430710 0.344271 0.004310 0.011503
0 0.254561 0.389803 0.010602 0.016447
0 0.314361 0.351962 0.005049 0.009122
0 0.258013 0.361513 0.007643 0.015789
0 0.253113 0.361954 0.010614 0.016138
0 0.580991 0.325987 0.003205 0.004605
0 0.432271 0.353355 0.006410 0.007895
0 0.600838 0.342155 0.004438 0.008651
0 0.279777 0.421740 0.019539 0.038395
0 0.346893 0.347368 0.005424 0.015132
0 0.444629 0.358493 0.002014 0.004441
0 0.192678 0.321217 0.003698 0.008882
0 0.215286 0.430247 0.043787 0.017072
0 0.267887 0.342007 0.012451 0.004342
0 0.174186 0.357730 0.009615 0.018092
0 0.315212 0.367763 0.008136 0.025000
0 0.353920 0.383717 0.007150 0.019408
0 0.386095 0.317270 0.002465 0.006250
0 0.637821 0.411349 0.009369 0.021382
0 0.229105 0.384992 0.004758 0.013174
0 0.568664 0.495724 0.040187 0.049342
0 0.312747 0.339309 0.004191 0.020724
0 0.720679 0.331187 0.001339 0.002112
0 0.335182 0.347533 0.005671 0.016118
0 0.643713 0.612336 0.046893 0.208224
0 0.438856 0.333224 0.005424 0.006579
0 0.722104 0.331316 0.001156 0.001947
0 0.274901 0.359046 0.006410 0.012171
0 0.487856 0.346584 0.004090 0.004852
0 0.418762 0.325115 0.002712 0.012072
0 0.382890 0.435526 0.012821 0.060526
0 0.414300 0.325280 0.003156 0.013717
0 0.322239 0.368914 0.006410 0.022697
0 0.316749 0.334822 0.004130 0.008421
0 0.234956 0.338882 0.006573 0.009474
0 0.208704 0.326564 0.004100 0.009122
0 0.377367 0.364326 0.005720 0.011546
0 0.391828 0.328668 0.009361 0.003789
0 0.690224 0.320709 0.001455 0.002530
0 0.596400 0.343586 0.003945 0.006250
0 0.413005 0.367845 0.003920 0.005230
0 0.460429 0.354276 0.004684 0.008553
0 0.257408 0.355640 0.009036 0.009589
0 0.355671 0.433553 0.015089 0.051316
0 0.211674 0.351645 0.007668 0.015132
0 0.263560 0.328405 0.003452 0.015559
0 0.368997 0.434589 0.015113 0.046151
0 0.327293 0.457977 0.033284 0.025822
0 0.479702 0.311378 0.002806 0.007441
0 0.371420 0.452174 0.010858 0.058553
0 0.306213 0.370493 0.003452 0.013355
0 0.224631 0.371005 0.006926 0.006872
0 0.789448 0.522763 0.012821 0.035658
0 0.568553 0.380263 0.007421 0.011842
0 0.330587 0.374717 0.009862 0.016447
0 0.428772 0.453964 0.012870 0.020559
0 0.429779 0.457171 0.012764 0.018618
0 0.334320 0.357072 0.007396 0.008224
0 0.432717 0.321053 0.002909 0.007895
0 0.467199 0.370130 0.003856 0.004563
0 0.323299 0.344615 0.006657 0.016888
0 0.490878 0.557730 0.039941 0.056908
0 0.626972 0.473355 0.017751 0.026974
0 0.457594 0.495398 0.020750 0.050724
0 0.301652 0.326151 0.003205 0.014145
0 0.694284 0.320993 0.001689 0.001645
0 0.716506 0.328372 0.004857 0.006743
0 0.868097 0.448849 0.007396 0.008224
0 0.581854 0.470230 0.015779 0.027303
0 0.473866 0.329441 0.002465 0.005592
0 0.492973 0.473191 0.017012 0.065461
0 0.460609 0.305130 0.001489 0.007951
0 0.413155 0.336378 0.003070 0.010408
0 0.908900 0.548355 0.023422 0.104605
0 0.909517 0.492105 0.013807 0.044079
