0 0.307167 0.405081 0.020192 0.026556
0 0.168872 0.355993 0.007567 0.014461
0 0.239417 0.311280 0.007749 0.007803
0 0.235562 0.308747 0.005256 0.010770
0 0.206245 0.296194 0.004842 0.008467
0 0.179528 0.366410 0.007246 0.022576
0 0.172152 0.334551 0.009344 0.020306
0 0.175288 0.356449 0.005340 0.009734
0 0.188416 0.362007 0.005579 0.035921
0 0.165811 0.329434 0.004867 0.014092
0 0.212007 0.363222 0.010784 0.036819
0 0.166195 0.311870 0.005604 0.008780
0 0.426418 0.371859 0.003595 0.011138
0 0.289856 0.317595 0.003094 0.005191
0 0.288381 0.318271 0.004361 0.006266
0 0.209414 0.370778 0.008582 0.019516
0 0.958247 0.384859 0.006262 0.007796
0 0.382747 0.573072 0.053664 0.189855
0 0.180828 0.325558 0.007535 0.021194
0 0.219626 0.398507 0.006669 0.022171
0 0.486949 0.335829 0.001610 0.002329
0 0.182040 0.349969 0.008020 0.009411
0 0.570947 0.335118 0.003476 0.004178
0 0.316048 0.312867 0.003757 0.014951
0 0.626765 0.400860 0.012106 0.018562
0 0.930313 0.883877 0.093042 0.225286
0 0.384896 0.473357 0.050671 0.044089
0 0.644435 0.388329 0.011548 0.013921
0 0.319490 0.570169 0.068521 0.228398
0 0.367311 0.306734 0.005772 0.006447
0 0.236149 0.409465 0.016134 0.035839
0 0.193351 0.357891 0.006839 0.029237
0 0.256697 0.322849 0.005570 0.012355
0 0.458298 0.335783 0.002818 0.002954
0 0.364661 0.307495 0.006107 0.006536
0 0.225423 0.402762 0.008213 0.022431
0 0.183634 0.346812 0.004250 0.006704
0 0.571609 0.739595 0.041546 0.203243
0 0.456448 0.419352 0.009159 0.012684
0 0.500450 0.376502 0.003247 0.003714
0 0.387509 0.303064 0.003489 0.010385
0 0.555293 0.336280 0.003245 0.003401
0 0.221995 0.389482 0.005025 0.006444
0 0.575071 0.700796 0.044315 0.034184
0 0.171148 0.320454 0.004638 0.013461
