0 0.328748 0.436762 0.015468 0.010069
0 0.275764 0.547368 0.066321 0.204605
0 0.271536 0.323701 0.002293 0.005296
0 0.217303 0.397946 0.016529 0.025951
0 0.408407 0.307895 0.002219 0.009868
0 0.242172 0.353454 0.008457 0.019408
0 0.268491 0.402796 0.010355 0.029934
0 0.678871 0.335526 0.003698 0.003947
0 0.244659 0.396975 0.020742 0.031905
0 0.649162 0.827138 0.125740 0.344408
0 0.360110 0.400365 0.004386 0.037829
0 0.577046 0.463158 0.022436 0.038816
0 0.183321 0.338322 0.004709 0.024671
0 0.285242 0.326521 0.004038 0.007720
0 0.297631 0.322859 0.003767 0.009151
0 0.491031 0.323587 0.002012 0.005128
0 0.665064 0.397697 0.010602 0.011184
0 0.686834 0.386678 0.003353 0.006908
0 0.379496 0.318155 0.006640 0.006914
0 0.483357 0.318021 0.001926 0.004944
0 0.217949 0.323043 0.004931 0.005954
0 0.689782 0.387711 0.003380 0.004618
0 0.492829 0.300454 0.001733 0.005895
0 0.473496 0.334868 0.003698 0.003289
0 0.293475 0.320860 0.004154 0.009023
0 0.731755 0.413487 0.008876 0.004605
0 0.509476 0.303572 0.001230 0.006862
0 0.782791 0.299671 0.001972 0.003289
0 0.392702 0.310510 0.002860 0.010493
0 0.480523 0.319326 0.001529 0.002862
0 0.778969 0.299671 0.002712 0.004605
0 0.457950 0.309467 0.001733 0.007013
0 0.192801 0.339967 0.007890 0.024013
0 0.279586 0.326645 0.003452 0.009211
0 0.256914 0.318748 0.003143 0.006372
0 0.310823 0.409211 0.009221 0.023026
0 0.165382 0.315577 0.005434 0.006266
0 0.321709 0.408388 0.005843 0.029276
0 0.635108 0.336349 0.003452 0.002961
0 0.661736 0.429934 0.010355 0.036842
0 0.306908 0.428722 0.023609 0.017556
0 0.593935 0.501151 0.023669 0.058224
0 0.409270 0.438487 0.018738 0.061842
0 0.451677 0.312007 0.001479 0.005592
0 0.154339 0.337171 0.005424 0.016447
0 0.641272 0.396382 0.010355 0.014474
0 0.358084 0.318104 0.004438 0.006885
0 0.924433 0.533553 0.023422 0.096053
0 0.253296 0.353819 0.004670 0.011046
0 0.510740 0.304355 0.001746 0.006191
0 0.173940 0.335362 0.007643 0.017434
0 0.275394 0.325822 0.004438 0.010197
0 0.660256 0.318750 0.002959 0.002632
0 0.461541 0.311475 0.002219 0.009023
0 0.320578 0.323181 0.008503 0.007737
0 0.681460 0.417763 0.015779 0.012500
0 0.346400 0.555428 0.063116 0.172039
0 0.465533 0.315954 0.002170 0.006908
0 0.256516 0.359735 0.006721 0.025003
0 0.216038 0.365132 0.008013 0.032237
0 0.636958 0.498849 0.018491 0.075329
0 0.279339 0.359704 0.007594 0.025987
0 0.238868 0.365296 0.009788 0.033882
0 0.267788 0.360655 0.005178 0.026974
0 0.576430 0.336678 0.001972 0.002961
0 0.668146 0.413816 0.008876 0.019079
0 0.946376 0.539638 0.025394 0.097697
0 0.498891 0.482401 0.051529 0.014145
0 0.347167 0.315753 0.003205 0.011914
0 0.517780 0.304730 0.002069 0.006342
0 0.254721 0.319449 0.002796 0.007148
0 0.262172 0.363931 0.004931 0.017270
0 0.466100 0.333372 0.002219 0.006283
0 0.306953 0.351480 0.006410 0.025329
0 0.467976 0.335444 0.001677 0.002164
0 0.837155 0.433059 0.009122 0.030592
0 0.645217 0.335197 0.003945 0.005921
0 0.198102 0.347697 0.006164 0.021711
0 0.269904 0.321442 0.001864 0.003470
0 0.478427 0.480263 0.031805 0.013816
0 0.253634 0.308906 0.003028 0.004095
0 0.805880 0.433382 0.008555 0.023355
0 0.421923 0.322188 0.005153 0.011842
0 0.615385 0.509868 0.017751 0.017105
0 0.781600 0.434095 0.008629 0.021711
0 0.600345 0.490954 0.014793 0.073355
0 0.356262 0.400493 0.006410 0.037829
0 0.689596 0.477138 0.021203 0.073355
0 0.413203 0.308301 0.002096 0.009451
0 0.457374 0.312637 0.002855 0.007885
0 0.201923 0.365625 0.006410 0.027303
