0 0.306180 0.339454 0.004430 0.019230
0 0.235789 0.413150 0.015552 0.038240
0 0.533333 0.387220 0.007303 0.015316
0 0.605858 0.419709 0.009739 0.040069
0 0.214025 0.365558 0.007892 0.032339
0 0.824363 0.406791 0.008464 0.011760
0 0.945875 0.408569 0.039305 0.016862
0 0.315197 0.315281 0.003945 0.011280
0 0.396402 0.339613 0.003863 0.016115
0 0.288545 0.320921 0.003624 0.006447
0 0.319022 0.315334 0.004189 0.011819
0 0.205732 0.361100 0.006603 0.007734
0 0.174571 0.355191 0.007406 0.017618
0 0.167557 0.428000 0.026854 0.090961
0 0.235926 0.358090 0.009662 0.027931
0 0.310085 0.314423 0.004509 0.011280
0 0.219460 0.340204 0.005074 0.024171
0 0.194942 0.360079 0.008375 0.028039
0 0.383319 0.342408 0.006844 0.008809
0 0.302869 0.430599 0.011132 0.021533
0 0.254848 0.359757 0.007409 0.028257
0 0.396736 0.477683 0.027249 0.050523
0 0.317653 0.351109 0.005636 0.022132
0 0.236640 0.408332 0.025883 0.025638
0 0.213582 0.346007 0.007811 0.020520
0 0.219525 0.404610 0.007512 0.021536
0 0.280051 0.421502 0.006679 0.008911
0 0.530492 0.391400 0.009973 0.010056
0 0.979384 0.443609 0.011248 0.023513
0 0.912425 0.441367 0.009278 0.023977
0 0.290036 0.321459 0.003222 0.006016
0 0.516056 0.388227 0.009623 0.020730
0 0.206818 0.348316 0.007488 0.024493
0 0.770157 0.403697 0.007882 0.011447
0 0.222029 0.393842 0.006958 0.008539
0 0.134930 0.429299 0.025880 0.094678
0 0.370589 0.471268 0.013023 0.036089
0 0.324458 0.315763 0.003624 0.014395
0 0.459810 0.301852 0.002495 0.007414
0 0.559885 0.389232 0.013568 0.020885
0 0.225339 0.340258 0.007004 0.025569
0 0.446686 0.302281 0.002175 0.008701
