0 0.641733 0.363801 0.001854 0.002319
0 0.338193 0.348771 0.001933 0.005155
0 0.317913 0.367933 0.001812 0.004655
0 0.285949 0.403044 0.004349 0.008378
0 0.242903 0.469003 0.010535 0.022276
0 0.168178 0.517567 0.044413 0.008023
0 0.232854 0.410523 0.005219 0.007349
0 0.193231 0.418436 0.003691 0.016484
0 0.575524 0.529484 0.020402 0.084000
0 0.043184 0.410613 0.003607 0.009089
0 0.310922 0.530442 0.029334 0.017326
0 0.355488 0.361663 0.004058 0.006964
0 0.238830 0.725031 0.081072 0.257141
0 0.202993 0.482148 0.012160 0.014257
0 0.306774 0.372587 0.002483 0.004655
0 0.395445 0.464535 0.008617 0.026918
0 0.438875 0.376166 0.003863 0.005543
0 0.903407 0.328252 0.003886 0.005931
0 0.240128 0.593191 0.049048 0.091230
0 0.090015 0.403421 0.002505 0.010954
0 0.163491 0.391480 0.003624 0.015901
0 0.191982 0.399498 0.004250 0.012891
0 0.271358 0.367594 0.003575 0.009411
0 0.221066 0.397436 0.006571 0.013148
0 0.648953 0.598433 0.063780 0.059701
0 0.160875 0.381543 0.003545 0.012783
0 0.007182 0.429263 0.009522 0.012743
0 0.712567 0.589743 0.041405 0.056586
0 0.038476 0.493750 0.039068 0.016039
0 0.201213 0.372329 0.004763 0.012803
0 0.048994 0.481854 0.034862 0.028069
0 0.292785 0.376212 0.002818 0.003312
0 0.254691 0.386286 0.004638 0.012507
0 0.209936 0.371882 0.003289 0.007072
0 0.185455 0.683459 0.046452 0.225576
0 0.314806 0.540497 0.028060 0.008355
0 0.136451 0.475304 0.012621 0.049720
0 0.290284 0.534541 0.017742 0.009747
0 0.101843 0.409268 0.007512 0.022648
0 0.701730 0.367594 0.002655 0.006194
0 0.096673 0.429067 0.005333 0.013615
0 0.345827 0.363456 0.003153 0.004832
0 0.070238 0.420946 0.004869 0.014694
0 0.166027 0.386270 0.003060 0.014072
0 0.154715 0.403245 0.004105 0.017082
0 0.247300 0.387187 0.003575 0.013276
0 0.166684 0.479240 0.013708 0.040118
0 0.270634 0.398597 0.002899 0.003865
0 0.030293 0.441684 0.019596 0.021178
0 0.264305 0.400145 0.002608 0.004125
0 0.206548 0.372821 0.005099 0.006806
0 0.398752 0.522166 0.032002 0.041306
0 0.824729 0.456804 0.013225 0.017964
0 0.312181 0.401110 0.005604 0.006576
0 0.935927 0.504762 0.009137 0.012510
0 0.105796 0.478378 0.012224 0.017908
0 0.345726 0.369141 0.003356 0.006000
0 0.186522 0.399370 0.003962 0.011859
0 0.181869 0.475688 0.015695 0.053020
0 0.666229 0.587293 0.019859 0.046783
0 0.020944 0.418232 0.004408 0.008286
0 0.227443 0.409877 0.006958 0.009924
0 0.294887 0.386092 0.004058 0.009026
0 0.053193 0.397439 0.007885 0.021207
0 0.272952 0.387123 0.004445 0.008253
0 0.032665 0.403395 0.007816 0.008020
0 0.091964 0.408247 0.004174 0.023947
0 0.380489 0.551482 0.057394 0.025372
0 0.320094 0.366770 0.002283 0.007520
0 0.052612 0.408801 0.004174 0.017635
0 0.066121 0.411207 0.007073 0.027987
0 0.141509 0.409691 0.003945 0.022237
0 0.167422 0.742163 0.094056 0.246747
0 0.244355 0.396599 0.004440 0.011474
0 0.177102 0.399692 0.003671 0.013793
0 0.328315 0.556431 0.016349 0.044243
0 0.836038 0.633071 0.065616 0.050569
0 0.169691 0.389546 0.003785 0.009454
0 0.188805 0.514781 0.046566 0.018490
0 0.035271 0.387623 0.005409 0.017641
0 0.331836 0.375362 0.004159 0.014862
0 0.552395 0.454298 0.009623 0.021503
0 0.324387 0.369097 0.002685 0.004477
0 0.077446 0.473166 0.013225 0.047582
0 0.231712 0.473683 0.007187 0.013813
0 0.018341 0.403127 0.006011 0.011227
0 0.189892 0.418212 0.005360 0.018266
0 0.071744 0.399133 0.004174 0.015313
0 0.313283 0.370395 0.001945 0.004743
0 0.201349 0.381951 0.002751 0.005908
0 0.578715 0.426763 0.005217 0.008507
0 0.236043 0.411941 0.003092 0.004513
0 0.553496 0.368363 0.002086 0.003095
0 0.219327 0.380549 0.003092 0.006961
0 0.083898 0.743508 0.038373 0.165523
0 0.727594 0.588518 0.039068 0.051457
0 0.169571 0.380039 0.004349 0.012572
0 0.151816 0.411946 0.003785 0.022023
0 0.220535 0.374683 0.004734 0.009411
0 0.096679 0.464479 0.013624 0.038227
0 0.175127 0.381812 0.005313 0.013967
0 0.080731 0.408107 0.005915 0.022431
0 0.099889 0.470118 0.008348 0.020493
0 0.110122 0.411589 0.004869 0.013553
0 0.187345 0.389896 0.003284 0.005286
0 0.182271 0.399951 0.003575 0.013020
0 0.661908 0.368673 0.002086 0.003095
0 0.324792 0.401240 0.002803 0.004513
0 0.356373 0.556586 0.044408 0.042388
0 0.264015 0.355990 0.005505 0.002447
