0 0.252014 0.428056 0.017253 0.037125
0 0.467008 0.361388 0.004495 0.008414
0 0.811794 0.507610 0.013858 0.042326
0 0.200254 0.356492 0.006400 0.015780
0 0.170966 0.342755 0.007096 0.018010
0 0.312955 0.428706 0.012522 0.049938
0 0.799271 0.558845 0.037902 0.053908
0 0.440637 0.326984 0.004361 0.006717
0 0.314763 0.393844 0.009601 0.033043
0 0.319556 0.633184 0.042988 0.143197
0 0.988787 0.594383 0.022426 0.075832
0 0.472901 0.412212 0.008000 0.021332
0 0.315460 0.360985 0.006541 0.020793
0 0.179374 0.403896 0.005700 0.014181
0 0.467442 0.445071 0.010619 0.022990
0 0.265789 0.423322 0.008348 0.045855
0 0.513135 0.380801 0.003129 0.006806
0 0.243526 0.392691 0.006400 0.008355
0 0.515627 0.485836 0.018834 0.069770
0 0.328887 0.437337 0.018227 0.037128
0 0.810793 0.536457 0.018198 0.024283
0 0.176543 0.403020 0.007327 0.015039
0 0.499395 0.376941 0.002784 0.008059
0 0.304259 0.392359 0.009741 0.028961
0 0.274832 0.337316 0.004591 0.014296
0 0.241439 0.357327 0.005007 0.011510
0 0.221264 0.368837 0.004731 0.008168
0 0.507495 0.378734 0.003895 0.004309
0 0.323113 0.364883 0.006541 0.023391
0 0.501095 0.378064 0.005256 0.006898
0 0.459528 0.490380 0.021640 0.052128
0 0.279841 0.430005 0.017532 0.018010
0 0.110565 0.397199 0.014260 0.050740
0 0.389623 0.361164 0.003383 0.003546
0 0.403813 0.467225 0.014470 0.021905
0 0.302659 0.445507 0.011689 0.016336
0 0.234761 0.361319 0.007515 0.010211
0 0.261566 0.612398 0.053955 0.194007
0 0.495143 0.362370 0.002318 0.004076
0 0.207072 0.353613 0.005288 0.021905
0 0.472644 0.359643 0.003824 0.005102
0 0.296955 0.404109 0.006400 0.008908
0 0.535364 0.486237 0.019036 0.067901
0 0.532764 0.471137 0.019423 0.056411
0 0.113591 0.398502 0.013425 0.077523
0 0.272485 0.340974 0.005567 0.006638
0 0.300503 0.419331 0.003476 0.006681
0 0.284292 0.424993 0.003895 0.006125
0 0.248667 0.393054 0.008642 0.008372
0 0.494352 0.377012 0.006839 0.014076
0 0.297024 0.427313 0.015444 0.051237
0 0.742337 0.554056 0.041908 0.057250
0 0.389402 0.601317 0.055298 0.193806
