0 0.401462 0.328543 0.001351 0.006704
0 0.304467 0.378322 0.006958 0.024691
0 0.354723 0.613959 0.053346 0.251437
0 0.110677 0.416676 0.022118 0.085648
0 0.179731 0.329592 0.010434 0.011138
0 0.171383 0.357160 0.008210 0.027661
0 0.201296 0.364492 0.009051 0.037128
0 0.604755 0.450666 0.031166 0.062931
0 0.439096 0.311720 0.003380 0.009928
0 0.464551 0.342919 0.004822 0.008122
0 0.330835 0.324860 0.003479 0.015780
0 0.319216 0.378788 0.013358 0.032299
0 0.451802 0.332025 0.001351 0.001549
0 0.140610 0.410581 0.027167 0.092707
