0 0.333210 0.404276 0.010108 0.037500
0 0.673286 0.529079 0.029561 0.094342
0 0.359467 0.384375 0.007890 0.006250
0 0.443540 0.317270 0.002959 0.009539
0 0.698964 0.529770 0.017258 0.098355
0 0.215054 0.351755 0.012347 0.012674
0 0.330745 0.394901 0.006657 0.021382
0 0.138314 0.344408 0.005424 0.019737
0 0.624766 0.528763 0.036119 0.061553
0 0.711415 0.521875 0.024901 0.110855
0 0.175912 0.341612 0.009122 0.010855
0 0.609483 0.508327 0.005234 0.009082
0 0.235330 0.387007 0.010108 0.039145
0 0.214586 0.353535 0.008590 0.013451
0 0.303008 0.361842 0.004438 0.021711
0 0.249877 0.391612 0.011095 0.035197
