0 0.872578 0.709248 0.036699 0.185234
0 0.176425 0.720798 0.070685 0.202865
0 0.990694 0.258327 0.007098 0.022648
0 0.703968 0.758676 0.047779 0.128878
0 0.485505 0.811566 0.057470 0.105322
0 0.582101 0.815493 0.131563 0.052197
0 0.892114 0.254242 0.004174 0.021905
0 0.496315 0.262250 0.006087 0.021158
0 0.492790 0.261727 0.005604 0.020368
0 0.753952 0.278095 0.005843 0.006868
0 0.853434 0.255077 0.005843 0.022832
0 0.830616 0.244033 0.003895 0.004086
0 0.760700 0.324785 0.010991 0.031187
0 0.094486 0.605122 0.033178 0.113171
0 0.641879 0.272813 0.004058 0.014954
0 0.895873 0.252757 0.003895 0.016336
0 0.886550 0.243383 0.003341 0.005753
0 0.776423 0.298240 0.007653 0.036757
0 0.749013 0.332303 0.008489 0.036941
0 0.978728 0.258049 0.006820 0.023947
0 0.717289 0.278839 0.007931 0.033230
0 0.857469 0.255449 0.004731 0.022832
0 0.764735 0.277633 0.005427 0.006313
0 0.784144 0.299074 0.009463 0.038424
