0 0.224679 0.363898 0.003575 0.012388
0 0.029877 0.406977 0.007189 0.027072
0 0.090354 0.377313 0.004347 0.014053
0 0.174050 0.400962 0.004736 0.011720
0 0.227637 0.484543 0.012986 0.052599
0 0.181006 0.400576 0.004349 0.011717
0 0.244826 0.361965 0.003286 0.011872
0 0.130948 0.499410 0.033277 0.030319
0 0.562694 0.421447 0.003617 0.004086
0 0.021471 0.433740 0.008696 0.038520
0 0.099197 0.377707 0.005994 0.011230
0 0.094460 0.375765 0.004250 0.014826
0 0.961124 0.400988 0.006252 0.008661
0 0.137071 0.412248 0.005025 0.019984
0 0.748585 0.465627 0.005769 0.006418
0 0.136656 0.372801 0.003770 0.013668
0 0.128838 0.459651 0.011477 0.040224
0 0.852690 0.467391 0.006731 0.012513
0 0.182930 0.531087 0.015303 0.039470
0 0.046593 0.454679 0.012022 0.024503
0 0.096975 0.488581 0.015651 0.016089
0 0.103444 0.441628 0.010552 0.017789
0 0.450549 0.433327 0.003898 0.004457
0 0.485820 0.428408 0.004593 0.008355
0 0.055812 0.484030 0.018834 0.104520
0 0.119921 0.374735 0.005893 0.009668
0 0.140695 0.411347 0.005508 0.021530
0 0.228690 0.363765 0.003863 0.012891
0 0.128762 0.374928 0.006958 0.010572
0 0.043672 0.477735 0.012522 0.035865
0 0.247000 0.483151 0.017160 0.055382
0 0.219810 0.519660 0.017973 0.081990
0 0.215404 0.489648 0.030725 0.041151
0 0.248449 0.361972 0.004349 0.011602
0 0.143969 0.455939 0.015537 0.046102
0 0.133178 0.374413 0.005316 0.009924
0 0.482759 0.429151 0.006820 0.010954
0 0.505300 0.431844 0.004593 0.007424
0 0.002417 0.403474 0.004835 0.028336
0 0.127362 0.370609 0.005508 0.010441
