0 0.506696 0.323709 0.002145 0.003418
0 0.551568 0.323617 0.002890 0.003109
0 0.340774 0.310488 0.003851 0.010372
0 0.335938 0.307317 0.002567 0.007313
0 0.718015 0.546684 0.056815 0.026454
0 0.488380 0.487434 0.023999 0.015316
0 0.559117 0.305635 0.001400 0.003204
0 0.508453 0.361211 0.004347 0.005414
0 0.188597 0.336449 0.011361 0.012839
0 0.320872 0.319837 0.004361 0.006266
0 0.136710 0.321365 0.006378 0.012375
0 0.476164 0.400898 0.009181 0.021349
0 0.237898 0.325482 0.005451 0.010674
0 0.331884 0.307169 0.002959 0.006266
0 0.260044 0.320609 0.003595 0.006500
0 0.201715 0.359666 0.005288 0.016891
0 0.417072 0.368936 0.008232 0.014694
0 0.746806 0.371888 0.003558 0.004836
0 0.291207 0.324498 0.003858 0.011115
0 0.194684 0.371025 0.012175 0.036819
0 0.299848 0.422694 0.023770 0.025678
0 0.566951 0.346515 0.002069 0.002984
0 0.523891 0.317773 0.001958 0.005967
0 0.210133 0.348436 0.004315 0.020793
0 0.569554 0.305563 0.001726 0.003059
0 0.472755 0.480350 0.010994 0.012438
0 0.512845 0.479469 0.044640 0.036201
0 0.548470 0.326196 0.002468 0.003543
0 0.231351 0.342493 0.003338 0.011138
0 0.406926 0.330340 0.002406 0.004405
0 0.551324 0.305202 0.001780 0.003563
0 0.571561 0.306102 0.001011 0.001480
0 0.376309 0.354243 0.002456 0.003283
0 0.380701 0.335928 0.003410 0.005296
0 0.315895 0.339717 0.004137 0.017980
0 0.468434 0.310757 0.001933 0.007197
0 0.570240 0.506617 0.056930 0.033260
0 0.202568 0.409158 0.017044 0.023980
0 0.326155 0.320247 0.003745 0.005895
0 0.432261 0.367234 0.005680 0.015625
0 0.383796 0.452551 0.033277 0.033418
0 0.366229 0.399873 0.006492 0.033872
0 0.343825 0.319128 0.002739 0.005447
0 0.212915 0.350757 0.004869 0.023947
0 0.361302 0.447600 0.012406 0.026918
0 0.559516 0.345694 0.002739 0.003882
0 0.430607 0.342278 0.005143 0.007832
0 0.584818 0.345918 0.002574 0.003882
0 0.404661 0.330826 0.001901 0.003730
0 0.303732 0.339266 0.004529 0.018586
0 0.564518 0.323220 0.001689 0.002579
0 0.455433 0.326610 0.002907 0.003359
0 0.271929 0.339173 0.005333 0.017635
0 0.268572 0.338632 0.003466 0.017171
0 0.565724 0.308368 0.002374 0.002842
0 0.476164 0.432734 0.009463 0.053836
0 0.248044 0.323934 0.004869 0.014388
0 0.835218 0.571485 0.067320 0.064424
0 0.312763 0.331396 0.004248 0.016418
0 0.467427 0.309844 0.002014 0.007951
0 0.372897 0.384329 0.012870 0.024132
0 0.203322 0.333587 0.004406 0.020109
0 0.197061 0.369324 0.017160 0.017326
0 0.217924 0.351590 0.004591 0.025247
0 0.344349 0.311048 0.002964 0.011490
0 0.666476 0.529592 0.039771 0.042388
0 0.342846 0.329961 0.003858 0.011414
0 0.381898 0.331826 0.002796 0.005895
0 0.372367 0.333280 0.002968 0.008954
0 0.568757 0.308387 0.002239 0.003312
0 0.356626 0.356594 0.006043 0.020220
0 0.243116 0.317747 0.003363 0.009434
0 0.472991 0.320663 0.003200 0.006312
0 0.294364 0.315967 0.003826 0.007737
0 0.613195 0.345618 0.002179 0.003730
0 0.040079 0.393289 0.023240 0.085276
0 0.188248 0.327400 0.004638 0.015161
0 0.278828 0.321306 0.005915 0.016243
0 0.347961 0.319798 0.002628 0.005148
0 0.366275 0.346747 0.006430 0.014099
0 0.498126 0.324643 0.001874 0.004786
0 0.212772 0.329566 0.005219 0.019184
0 0.503342 0.324270 0.001398 0.001803
0 0.295223 0.323008 0.002483 0.004714
0 0.320311 0.340166 0.004921 0.018128
0 0.241376 0.323780 0.004753 0.007579
0 0.193584 0.327090 0.004638 0.018563
0 0.742242 0.371396 0.002616 0.003852
0 0.468192 0.322056 0.002784 0.009099
0 0.547913 0.345396 0.005816 0.005372
0 0.423682 0.423854 0.008696 0.012839
0 0.356573 0.344247 0.005143 0.010895
0 0.617557 0.345656 0.002293 0.003207
0 0.364172 0.333130 0.002796 0.012385
0 0.412797 0.341681 0.003745 0.012757
0 0.239962 0.397711 0.006492 0.017171
0 0.422986 0.371643 0.003595 0.008043
0 0.412007 0.331201 0.001331 0.002013
0 0.270281 0.410163 0.012406 0.060023
0 0.537473 0.323988 0.002470 0.003359
0 0.286109 0.407301 0.013915 0.052444
0 0.236499 0.347414 0.010296 0.012441
0 0.352575 0.327015 0.004194 0.009549
