0 0.183311 0.335957 0.003856 0.006434
0 0.496302 0.369408 0.005917 0.011842
0 0.169506 0.329232 0.004470 0.018010
0 0.313967 0.328125 0.002687 0.014803
0 0.658284 0.476316 0.019724 0.052632
0 0.684665 0.454441 0.007890 0.010197
0 0.371933 0.320247 0.005740 0.006283
0 0.338664 0.319475 0.002949 0.007036
0 0.287234 0.327148 0.002899 0.008770
0 0.458821 0.311140 0.003092 0.008938
0 0.392670 0.325867 0.003762 0.006786
0 0.489497 0.345326 0.004931 0.007237
0 0.383999 0.322299 0.002219 0.011842
0 0.316691 0.369572 0.006657 0.017434
0 0.545242 0.464145 0.005178 0.009868
0 0.396450 0.308388 0.001972 0.008224
0 0.457917 0.315678 0.003841 0.008250
0 0.190848 0.319702 0.006662 0.015319
0 0.388708 0.317990 0.002219 0.010855
0 0.187007 0.336020 0.003698 0.005592
0 0.350468 0.351414 0.005178 0.016908
0 0.253476 0.337946 0.003067 0.007602
0 0.185404 0.356579 0.007396 0.016447
0 0.242408 0.416855 0.015974 0.018066
0 0.437193 0.349242 0.007024 0.013490
0 0.814596 0.425329 0.003945 0.005921
0 0.580835 0.524020 0.066664 0.055711
0 0.224606 0.340954 0.003452 0.006908
0 0.792160 0.426480 0.012327 0.009539
0 0.216026 0.390789 0.015385 0.025658
0 0.418634 0.456964 0.012613 0.028704
0 0.486270 0.358355 0.004191 0.007566
0 0.408407 0.310197 0.002219 0.006579
0 0.297490 0.323632 0.003452 0.014513
0 0.426256 0.468865 0.035846 0.009441
0 0.508540 0.310513 0.001696 0.005230
0 0.334689 0.350000 0.004684 0.020395
0 0.695636 0.478289 0.014546 0.062500
0 0.242604 0.372039 0.014300 0.017105
0 0.540187 0.477796 0.008383 0.022697
0 0.402419 0.353385 0.003945 0.014145
0 0.390233 0.328110 0.005136 0.013122
0 0.628328 0.393914 0.007150 0.022039
0 0.326742 0.320405 0.003518 0.013112
0 0.521326 0.469408 0.015533 0.026316
0 0.439087 0.348171 0.001955 0.010237
0 0.876356 0.480757 0.011095 0.051645
0 0.449679 0.311332 0.002416 0.009507
0 0.497411 0.345658 0.003698 0.005592
0 0.246628 0.426322 0.038745 0.009395
0 0.278600 0.345066 0.007890 0.023684
0 0.254315 0.385033 0.010602 0.042434
0 0.424408 0.322829 0.003748 0.012763
0 0.576921 0.497173 0.028309 0.010720
0 0.213463 0.392502 0.016304 0.014503
0 0.724729 0.451809 0.012081 0.009539
0 0.269201 0.330783 0.008264 0.008237
0 0.199975 0.416234 0.008432 0.013586
0 0.394255 0.360164 0.005424 0.010526
0 0.173545 0.326184 0.004882 0.014211
0 0.966716 0.616447 0.055227 0.161842
0 0.426217 0.351875 0.006871 0.006579
0 0.398940 0.352796 0.004882 0.014803
0 0.182433 0.395428 0.017283 0.022961
0 0.480178 0.352793 0.007890 0.009868
0 0.278844 0.324309 0.002712 0.008882
0 0.142887 0.333857 0.005301 0.012747
0 0.454105 0.317089 0.003526 0.009836
0 0.438056 0.321597 0.005791 0.005819
0 0.366741 0.320214 0.003205 0.012204
0 0.577443 0.529763 0.023619 0.057829
0 0.214034 0.356130 0.005345 0.008655
0 0.201938 0.332215 0.006573 0.008536
0 0.361180 0.321258 0.002986 0.007747
0 0.235648 0.399916 0.010251 0.014905
0 0.489645 0.328125 0.003945 0.005592
0 0.465449 0.309715 0.001361 0.005701
0 0.332532 0.427122 0.025419 0.053914
0 0.269451 0.326202 0.004292 0.010819
0 0.181127 0.384227 0.010182 0.030954
0 0.805597 0.423520 0.006657 0.006908
0 0.302025 0.333317 0.011842 0.003477
0 0.323348 0.320214 0.003698 0.006875
0 0.476195 0.317474 0.001916 0.002947
0 0.289915 0.320543 0.003750 0.006283
0 0.686637 0.488816 0.009369 0.035526
0 0.467102 0.308289 0.001546 0.005796
0 0.364892 0.351661 0.003945 0.015757
0 0.372956 0.362171 0.004684 0.005921
0 0.257022 0.327043 0.004684 0.012171
0 0.537209 0.312586 0.001657 0.004336
0 0.456038 0.352428 0.004689 0.005737
0 0.891889 0.484375 0.010602 0.043750
0 0.227616 0.367151 0.006405 0.019579
0 0.403723 0.310362 0.002712 0.010855
0 0.209696 0.336484 0.003331 0.007250
0 0.560642 0.498081 0.027384 0.036799
0 0.200690 0.348684 0.006903 0.012500
0 0.263609 0.371898 0.005424 0.009539
0 0.492850 0.355921 0.003452 0.004605
0 0.238905 0.363980 0.004931 0.010197
0 0.531686 0.313977 0.001780 0.002211
0 0.513619 0.317783 0.001716 0.003276
0 0.250678 0.419079 0.010971 0.013816
0 0.454366 0.348021 0.005962 0.005503
0 0.469311 0.317278 0.001250 0.002556
0 0.348401 0.322357 0.005417 0.014648
0 0.222361 0.368995 0.006748 0.013095
0 0.832840 0.500000 0.012821 0.042105
0 0.283037 0.326678 0.003945 0.009145
0 0.329758 0.388487 0.008629 0.022368
0 0.524901 0.321546 0.002959 0.007566
0 0.293762 0.392105 0.009122 0.042763
0 0.310897 0.318734 0.003452 0.011217
0 0.361538 0.352961 0.005621 0.015132
0 0.302145 0.344572 0.006164 0.019408
0 0.246129 0.361563 0.006065 0.015428
0 0.255572 0.338914 0.003156 0.008355
0 0.260693 0.327441 0.002727 0.011842
0 0.228803 0.358645 0.007187 0.012513
0 0.246420 0.325316 0.003856 0.015322
0 0.109398 0.326382 0.006657 0.015132
0 0.228180 0.386678 0.009122 0.016776
