0 0.658284 0.389474 0.003945 0.005263
0 0.467708 0.352031 0.001970 0.004484
0 0.162352 0.321497 0.007150 0.010954
0 0.360454 0.428454 0.020217 0.025987
0 0.333686 0.335855 0.005671 0.016447
0 0.566445 0.491118 0.014546 0.046711
0 0.712788 0.529258 0.028762 0.036352
0 0.618282 0.510164 0.019107 0.033487
0 0.428040 0.349406 0.004324 0.005984
0 0.317899 0.332895 0.002663 0.017763
0 0.198139 0.336908 0.012155 0.008026
0 0.472348 0.308548 0.001457 0.006470
0 0.449581 0.316283 0.002712 0.010197
0 0.472078 0.349306 0.005942 0.009211
0 0.373891 0.434046 0.009122 0.017434
0 0.408037 0.357513 0.004931 0.012500
0 0.306336 0.334227 0.004684 0.015757
0 0.493320 0.320660 0.001723 0.008286
0 0.440409 0.320056 0.003600 0.011118
0 0.227705 0.367164 0.011588 0.018421
0 0.447115 0.315954 0.002219 0.009539
0 0.259492 0.366447 0.008629 0.022368
0 0.209899 0.368832 0.009048 0.010033
0 0.287419 0.337658 0.004502 0.015211
0 0.180650 0.338510 0.004085 0.020066
0 0.682199 0.540132 0.020217 0.062500
0 0.811223 0.523327 0.019467 0.040582
0 0.176139 0.337352 0.005079 0.022072
0 0.786146 0.520470 0.028107 0.034211
0 0.216593 0.347862 0.010108 0.014803
0 0.211143 0.345640 0.003434 0.010234
0 0.168849 0.330592 0.005843 0.025000
0 0.340742 0.371711 0.007421 0.027632
0 0.492468 0.323283 0.001218 0.003316
0 0.210963 0.374492 0.020446 0.014707
0 0.512697 0.467928 0.025888 0.040461
0 0.648176 0.396053 0.006903 0.008553
0 0.508999 0.484539 0.048570 0.020395
0 0.413481 0.345862 0.004684 0.011184
0 0.601208 0.482730 0.022929 0.067434
0 0.302035 0.372980 0.007172 0.025329
0 0.510716 0.314220 0.004159 0.001941
