0 0.025518 0.468750 0.009615 0.042763
0 0.457964 0.520888 0.017505 0.048355
0 0.839867 0.551316 0.017505 0.084211
0 0.458597 0.432635 0.012081 0.014803
0 0.081186 0.399396 0.005178 0.012148
0 0.252954 0.399355 0.004931 0.010197
0 0.139583 0.395313 0.003033 0.016612
0 0.049926 0.424490 0.006657 0.025296
0 0.199310 0.520724 0.024852 0.092763
0 0.236070 0.382237 0.003205 0.007895
0 0.877096 0.573684 0.016519 0.051974
0 0.067678 0.450493 0.013560 0.022697
0 0.102318 0.422862 0.005917 0.016118
0 0.245439 0.359046 0.003205 0.010197
0 0.039324 0.439474 0.007643 0.030921
0 0.357369 0.413329 0.006410 0.007566
0 0.539546 0.465872 0.007692 0.008717
0 0.049845 0.385605 0.004832 0.018092
0 0.275394 0.353289 0.001972 0.006579
0 0.165927 0.451316 0.005917 0.010526
0 0.461701 0.431702 0.004837 0.012911
0 0.005917 0.443082 0.009862 0.031250
0 0.449581 0.466612 0.013067 0.037829
0 0.127898 0.417168 0.005634 0.014066
0 0.372941 0.508224 0.016445 0.071711
0 0.058558 0.471490 0.011997 0.024250
0 0.672584 0.434868 0.004438 0.006579
0 0.200074 0.425493 0.005178 0.008224
0 0.294749 0.362829 0.002712 0.007895
0 0.183925 0.401645 0.005917 0.009868
0 0.197485 0.387500 0.002959 0.007237
0 0.042406 0.400025 0.005424 0.012648
0 0.152004 0.476299 0.015286 0.050658
0 0.340478 0.420737 0.009369 0.012829
0 0.195693 0.426385 0.004181 0.005336
0 0.292036 0.364145 0.003205 0.006579
0 0.285812 0.374160 0.003030 0.003536
0 0.133629 0.496217 0.018245 0.075329
0 0.359837 0.531414 0.024408 0.031250
0 0.814349 0.599507 0.056213 0.079934
0 0.694157 0.433717 0.004684 0.006908
0 0.274532 0.398520 0.004191 0.008882
0 0.045472 0.469791 0.012359 0.023766
0 0.263219 0.396137 0.002019 0.005727
0 0.171386 0.520072 0.037396 0.093895
0 0.081361 0.470395 0.008383 0.046711
0 0.238141 0.408832 0.004487 0.012401
0 0.316026 0.512484 0.019970 0.032204
0 0.082788 0.420257 0.006410 0.023026
0 0.254130 0.384852 0.002525 0.006737
0 0.136464 0.394901 0.004191 0.018750
0 0.129957 0.431051 0.004929 0.022964
0 0.055415 0.395651 0.002996 0.009066
0 0.230153 0.384046 0.003698 0.008224
0 0.262686 0.400635 0.006383 0.008993
0 0.497411 0.541447 0.048077 0.051316
0 0.111538 0.388067 0.007816 0.009701
0 0.994428 0.491118 0.010158 0.017763
