0 0.192198 0.354766 0.003770 0.007441
0 0.139423 0.450493 0.031312 0.118750
0 0.442996 0.315066 0.002027 0.004211
0 0.534804 0.322854 0.003257 0.005918
0 0.529093 0.320888 0.003452 0.007566
0 0.180104 0.450493 0.027860 0.111513
0 0.197978 0.331743 0.004931 0.008882
0 0.427927 0.321834 0.001662 0.009688
0 0.593861 0.395230 0.008531 0.005592
0 0.362636 0.321870 0.003871 0.010602
0 0.213671 0.391437 0.012821 0.014803
0 0.249768 0.323326 0.004556 0.016388
0 0.459196 0.327467 0.002219 0.005592
0 0.252145 0.428076 0.014645 0.010954
0 0.436621 0.327130 0.002576 0.003543
0 0.270094 0.360197 0.007643 0.025658
0 0.265816 0.324490 0.004512 0.016809
0 0.289707 0.424786 0.013338 0.023914
0 0.522541 0.302566 0.001901 0.009539
0 0.923200 0.490296 0.019970 0.049013
0 0.247041 0.365132 0.007396 0.031579
0 0.277885 0.326431 0.003994 0.015559
0 0.231240 0.418227 0.010005 0.022697
0 0.465039 0.355786 0.012278 0.007638
0 0.298962 0.367270 0.009369 0.020066
0 0.253686 0.329786 0.003920 0.017270
0 0.458838 0.318304 0.002641 0.010556
0 0.275669 0.430868 0.016580 0.009757
0 0.543664 0.487664 0.036908 0.072697
0 0.280449 0.353454 0.018491 0.012829
0 0.352811 0.469572 0.038462 0.054276
0 0.559151 0.322610 0.002532 0.005681
0 0.480689 0.479567 0.015545 0.018036
0 0.485827 0.313651 0.001176 0.004276
0 0.259369 0.353043 0.006410 0.014309
0 0.309957 0.439336 0.021457 0.043224
0 0.178131 0.328454 0.003698 0.012829
0 0.204882 0.297204 0.003945 0.010197
0 0.235064 0.334487 0.006509 0.008237
0 0.383999 0.383059 0.009122 0.016776
0 0.425795 0.311947 0.003494 0.006092
0 0.237179 0.363816 0.005917 0.031579
0 0.192899 0.397632 0.024408 0.025263
0 0.478549 0.327850 0.003794 0.003313
0 0.262315 0.325395 0.003476 0.013684
0 0.463018 0.440954 0.014300 0.056250
0 0.578156 0.361349 0.007396 0.010855
0 0.065335 0.401151 0.020710 0.089145
0 0.928148 0.501595 0.009566 0.025987
0 0.207224 0.333224 0.008136 0.009211
0 0.960799 0.490132 0.017751 0.050658
0 0.369124 0.313811 0.002384 0.009681
0 0.315825 0.316847 0.003114 0.010253
0 0.749209 0.535276 0.010251 0.023921
0 0.627465 0.298849 0.001479 0.004276
0 0.227146 0.393903 0.014495 0.018970
0 0.182076 0.326316 0.004191 0.019079
0 0.104500 0.394836 0.021474 0.087697
0 0.728674 0.532730 0.030325 0.026645
0 0.699088 0.508553 0.025888 0.069737
0 0.618590 0.299836 0.001479 0.003618
0 0.212032 0.342434 0.003945 0.007895
0 0.437126 0.460637 0.028903 0.031622
0 0.519601 0.450000 0.011588 0.026316
0 0.511884 0.450576 0.010454 0.024178
0 0.516445 0.425510 0.015138 0.033257
0 0.197065 0.354956 0.003553 0.006207
0 0.049186 0.405757 0.021450 0.080592
0 0.349656 0.311431 0.002073 0.009211
0 0.408527 0.326936 0.003691 0.004878
0 0.406627 0.320363 0.001691 0.006984
0 0.189713 0.387133 0.005436 0.012905
0 0.095365 0.375066 0.016174 0.067763
0 0.440828 0.311563 0.002465 0.009967
0 0.404031 0.318520 0.003082 0.011382
0 0.222756 0.347204 0.006164 0.008882
0 0.287722 0.318092 0.003945 0.015132
0 0.213264 0.369408 0.008383 0.032895
0 0.242357 0.348026 0.006903 0.013816
0 0.243158 0.434934 0.049630 0.011908
0 0.189103 0.342105 0.011341 0.015132
0 0.360823 0.466941 0.024901 0.038487
0 0.437287 0.312771 0.003632 0.006497
0 0.475947 0.473095 0.036474 0.022237
0 0.259135 0.331053 0.005399 0.014868
0 0.755500 0.533350 0.005217 0.015161
0 0.103846 0.325576 0.006509 0.012336
0 0.525148 0.303618 0.001972 0.005921
