0 0.438532 0.325059 0.003691 0.008059
0 0.305671 0.362036 0.003353 0.010007
0 0.457286 0.327745 0.003757 0.011997
0 0.430881 0.332758 0.003824 0.008056
0 0.227400 0.374066 0.012157 0.018368
0 0.988527 0.611102 0.022946 0.059092
0 0.534460 0.331770 0.003462 0.008164
0 0.309704 0.362748 0.006183 0.009701
0 0.279496 0.362518 0.005397 0.023635
0 0.380291 0.322768 0.002899 0.009411
0 0.317461 0.366493 0.007569 0.013322
0 0.939194 0.609023 0.021908 0.045967
0 0.826699 0.566084 0.032648 0.045984
0 0.152478 0.343127 0.004660 0.019661
0 0.205338 0.347854 0.006681 0.012141
0 0.194548 0.365043 0.008937 0.012138
0 0.302685 0.429985 0.012643 0.013536
0 0.305705 0.438847 0.026573 0.007628
0 0.229010 0.378041 0.007808 0.012569
0 0.632024 0.383836 0.003767 0.003868
0 0.957278 0.581941 0.008708 0.013151
0 0.216006 0.347747 0.003220 0.015579
0 0.325795 0.433206 0.018439 0.028148
0 0.615017 0.383385 0.003575 0.005283
0 0.284366 0.357253 0.005153 0.018263
0 0.174015 0.394747 0.017473 0.033086
0 0.418216 0.330633 0.003770 0.013536
0 0.325552 0.436161 0.014734 0.026105
0 0.598736 0.383773 0.003479 0.003480
0 0.181705 0.395553 0.016428 0.029329
0 0.207351 0.346834 0.007167 0.014181
0 0.546537 0.333490 0.004268 0.003224
0 0.200748 0.402266 0.011191 0.024276
0 0.414400 0.330762 0.003286 0.011470
0 0.957697 0.599885 0.018333 0.037283
