0 0.191473 0.367266 0.006378 0.018099
0 0.188690 0.351485 0.009391 0.022740
0 0.210604 0.363553 0.010784 0.016243
0 0.311250 0.317628 0.003688 0.013875
0 0.254665 0.384359 0.010552 0.045171
0 0.059893 0.408266 0.025742 0.082421
0 0.193502 0.419013 0.013681 0.023204
0 0.236860 0.410582 0.023434 0.026454
0 0.357246 0.385937 0.006119 0.012033
0 0.165906 0.335785 0.012290 0.020418
0 0.187821 0.328977 0.005799 0.024441
0 0.116395 0.328049 0.007421 0.012684
0 0.182892 0.330215 0.004753 0.020418
0 0.389131 0.321587 0.004026 0.010957
0 0.175588 0.360613 0.006610 0.010365
0 0.372303 0.344630 0.003866 0.010207
0 0.120918 0.324104 0.004638 0.012530
0 0.217387 0.406791 0.011129 0.017944
0 0.108103 0.392860 0.016418 0.081681
0 0.204575 0.375697 0.017044 0.023513
0 0.151375 0.419683 0.032281 0.094490
0 0.792089 0.406447 0.006817 0.007980
0 0.326817 0.319150 0.002214 0.014411
0 0.324268 0.318972 0.003555 0.014234
0 0.198893 0.362391 0.006607 0.009592
0 0.120069 0.422375 0.023930 0.093934
0 0.722798 0.400878 0.006538 0.011697
0 0.222315 0.400526 0.006376 0.014388
0 0.181328 0.365951 0.004406 0.009283
0 0.081945 0.407433 0.018644 0.082609
0 0.799963 0.503961 0.024236 0.095079
0 0.300922 0.438196 0.049753 0.036201
0 0.325475 0.311719 0.001679 0.004207
0 0.455841 0.314605 0.002978 0.010743
0 0.186313 0.416692 0.006955 0.018872
0 0.239933 0.418084 0.027490 0.036510
0 0.284946 0.315839 0.003422 0.013697
0 0.765096 0.400043 0.004315 0.007428
0 0.281827 0.315748 0.003891 0.013339
0 0.308263 0.317987 0.004026 0.015132
0 0.116653 0.362313 0.012675 0.031763
0 0.430759 0.381317 0.006923 0.015898
