0 0.232228 0.409329 0.025160 0.041151
0 0.289735 0.317632 0.003804 0.006533
0 0.466558 0.327439 0.003629 0.004793
0 0.492139 0.328413 0.002039 0.003023
0 0.430212 0.423382 0.013190 0.048783
0 0.594589 0.397095 0.003341 0.002895
0 0.005822 0.435225 0.011644 0.096049
0 0.176737 0.335832 0.006842 0.010961
0 0.513319 0.327678 0.002263 0.003020
0 0.457781 0.311372 0.004670 0.006875
0 0.239328 0.353166 0.005604 0.006832
0 0.866928 0.402260 0.023082 0.010007
0 0.202987 0.375474 0.009421 0.013322
0 0.252468 0.339502 0.005025 0.021786
0 0.335737 0.341711 0.004758 0.004737
0 0.350738 0.446393 0.034554 0.032641
0 0.044304 0.399770 0.042320 0.055822
0 0.205033 0.355031 0.003296 0.013418
0 0.152461 0.324607 0.004186 0.015148
0 0.227782 0.351362 0.009179 0.007092
0 0.464327 0.326837 0.002781 0.004793
0 0.279555 0.317628 0.003691 0.007309
0 0.287634 0.316434 0.003410 0.013579
0 0.263728 0.347365 0.006864 0.023592
0 0.501636 0.327635 0.002266 0.003020
0 0.246187 0.350911 0.011595 0.013151
0 0.557408 0.327275 0.001501 0.002451
0 0.347276 0.334743 0.004117 0.019461
0 0.304006 0.321184 0.004541 0.006704
0 0.318028 0.350717 0.006667 0.016888
0 0.189217 0.344855 0.007004 0.014395
0 0.009125 0.424530 0.014896 0.111757
0 0.316707 0.383974 0.008928 0.034961
0 0.562198 0.390747 0.003005 0.004454
0 0.312230 0.359161 0.004539 0.008250
0 0.164225 0.423559 0.023883 0.054454
0 0.448309 0.329168 0.003560 0.006605
0 0.118316 0.324625 0.008116 0.013020
0 0.205268 0.345883 0.008213 0.016760
0 0.148596 0.322081 0.004347 0.013109
0 0.296191 0.350396 0.002801 0.005931
0 0.273066 0.317962 0.004869 0.008043
0 0.488823 0.328023 0.001940 0.002072
0 0.297051 0.313905 0.003767 0.012257
0 0.198961 0.363495 0.010870 0.036418
0 0.290104 0.344336 0.004349 0.014697
0 0.268486 0.317189 0.003826 0.008970
0 0.182092 0.328044 0.012562 0.009990
0 0.277792 0.316658 0.002853 0.005671
0 0.260730 0.350781 0.003960 0.016760
0 0.283524 0.318039 0.003242 0.006789
0 0.454681 0.311263 0.002818 0.005158
0 0.161036 0.415903 0.030030 0.039141
0 0.773882 0.365304 0.007788 0.010010
0 0.478436 0.326836 0.004011 0.006086
0 0.138078 0.421627 0.026551 0.094523
0 0.241701 0.313245 0.008466 0.008201
0 0.135470 0.455189 0.039421 0.106266
0 0.447679 0.326211 0.003010 0.004145
0 0.215288 0.376191 0.009857 0.017789
0 0.054159 0.381270 0.010823 0.042026
0 0.761954 0.448852 0.004638 0.013283
0 0.043672 0.367413 0.011506 0.055819
0 0.504679 0.403110 0.005843 0.007352
0 0.455073 0.327873 0.002784 0.003497
0 0.511409 0.326706 0.002004 0.002635
0 0.184467 0.365913 0.010227 0.020628
0 0.444895 0.326102 0.002882 0.005829
0 0.294393 0.313125 0.003092 0.010441
0 0.202359 0.366383 0.005680 0.013766
