0 0.313182 0.442345 0.019988 0.032809
0 0.277911 0.315428 0.003242 0.015664
0 0.488831 0.453447 0.018097 0.064145
0 0.582608 0.383607 0.004556 0.009497
0 0.285301 0.316962 0.002919 0.012194
0 0.360577 0.322533 0.002712 0.005592
0 0.193856 0.392498 0.011893 0.027635
0 0.249877 0.348191 0.006657 0.015461
0 0.403785 0.493990 0.046228 0.029454
0 0.288000 0.317067 0.002697 0.011918
0 0.187502 0.340291 0.009985 0.015253
0 0.246596 0.361543 0.004041 0.016586
0 0.997941 0.448914 0.004117 0.022276
0 0.263437 0.324013 0.003698 0.017105
0 0.509217 0.320424 0.002078 0.005862
0 0.474762 0.471822 0.033217 0.020697
0 0.104043 0.326480 0.006903 0.014803
0 0.422396 0.354319 0.006381 0.016954
0 0.312691 0.352949 0.003168 0.004786
0 0.255671 0.323026 0.003945 0.017105
0 0.456546 0.395954 0.005301 0.009079
0 0.240346 0.417385 0.025372 0.021612
0 0.576514 0.381414 0.009734 0.012171
0 0.259739 0.334046 0.006657 0.019408
0 0.519077 0.326252 0.003356 0.003806
0 0.632478 0.379079 0.003190 0.005158
0 0.283777 0.528158 0.042899 0.150263
0 0.349236 0.444572 0.024408 0.070066
0 0.298077 0.434868 0.009862 0.025658
0 0.244206 0.331086 0.005671 0.009539
0 0.771437 0.497895 0.008407 0.035132
0 0.312016 0.366882 0.007576 0.025974
0 0.291594 0.371363 0.007073 0.005569
0 0.480411 0.357735 0.003745 0.004253
0 0.248151 0.321875 0.004191 0.016776
0 0.266044 0.314646 0.003494 0.015543
0 0.232150 0.387291 0.003624 0.004832
0 0.204142 0.521217 0.050296 0.178618
0 0.335676 0.415789 0.010108 0.048026
0 0.352252 0.337171 0.004406 0.010526
0 0.405875 0.492076 0.037461 0.041243
0 0.281324 0.316303 0.002983 0.014303
0 0.336785 0.312993 0.005917 0.010855
0 0.268799 0.316265 0.003328 0.013457
0 0.404561 0.360362 0.004191 0.007763
0 0.764312 0.482253 0.015804 0.064441
0 0.217013 0.402921 0.008454 0.013967
0 0.558679 0.360526 0.002465 0.003947
0 0.302638 0.403125 0.012081 0.043092
0 0.201097 0.356187 0.005424 0.009539
0 0.225962 0.387664 0.014546 0.043750
0 0.236686 0.323026 0.002959 0.006579
0 0.485293 0.356974 0.004265 0.004737
0 0.341593 0.315954 0.003205 0.008224
0 0.246845 0.415753 0.026087 0.026546
0 0.273983 0.315602 0.004105 0.015770
0 0.213884 0.390752 0.012927 0.011109
0 0.683018 0.383247 0.005178 0.006250
0 0.308889 0.366003 0.005303 0.026151
0 0.241829 0.323495 0.004931 0.006319
0 0.186463 0.342354 0.009322 0.013319
0 0.462733 0.356645 0.005747 0.013947
0 0.168616 0.358174 0.004258 0.009770
0 0.260478 0.330592 0.003205 0.018421
0 0.492461 0.359936 0.003018 0.003135
0 0.234668 0.424817 0.037073 0.024247
0 0.493097 0.482895 0.032544 0.034868
0 0.993385 0.447452 0.009896 0.027530
0 0.438709 0.320556 0.004687 0.006125
0 0.407983 0.302556 0.002244 0.008704
