0 0.170194 0.371472 0.003010 0.010477
0 0.071869 0.406250 0.005178 0.020395
0 0.173940 0.422862 0.003698 0.004276
0 0.138930 0.480757 0.015533 0.040461
0 0.150888 0.407401 0.004931 0.008882
0 0.772066 0.379112 0.008136 0.008882
0 0.409744 0.546194 0.035897 0.016039
0 0.285440 0.363243 0.001536 0.007026
0 0.743960 0.381250 0.004191 0.005921
0 0.060897 0.403125 0.006410 0.021382
0 0.120791 0.429717 0.009083 0.019724
0 0.098250 0.460691 0.010602 0.047697
0 0.148176 0.475329 0.012821 0.053947
0 0.111933 0.371382 0.002959 0.012500
0 0.137451 0.418586 0.005178 0.024671
0 0.045981 0.393750 0.005671 0.010526
0 0.273792 0.410197 0.004684 0.011184
0 0.441882 0.544187 0.011354 0.018711
0 0.006410 0.409704 0.004438 0.016118
0 0.141519 0.418092 0.005917 0.025658
0 0.043533 0.451581 0.004403 0.008155
0 0.140319 0.401179 0.004707 0.008951
0 0.019297 0.413622 0.005878 0.022559
0 0.288708 0.399178 0.004438 0.010197
0 0.333703 0.372204 0.002712 0.004276
0 0.113303 0.405480 0.003380 0.011217
0 0.053131 0.453372 0.009615 0.015296
0 0.026750 0.412993 0.005671 0.024671
0 0.016389 0.370544 0.005703 0.010957
0 0.209732 0.450834 0.002996 0.010569
0 0.237173 0.454896 0.008213 0.016372
0 0.439324 0.465987 0.004882 0.006842
0 0.011366 0.410883 0.006119 0.024602
0 0.096524 0.384539 0.004684 0.015132
0 0.116864 0.383388 0.004438 0.016776
0 0.489029 0.399013 0.003205 0.004605
0 0.303008 0.346217 0.001972 0.003618
0 0.280851 0.363306 0.002327 0.007151
0 0.484714 0.576974 0.050296 0.072368
0 0.159393 0.438158 0.008629 0.031579
0 0.277030 0.403270 0.002512 0.004395
0 0.166522 0.371821 0.002621 0.008398
0 0.448775 0.560609 0.019758 0.032533
0 0.283669 0.364202 0.001657 0.005806
0 0.647066 0.391447 0.004684 0.005921
0 0.206361 0.452467 0.009862 0.031908
0 0.063486 0.461349 0.010108 0.021382
0 0.485823 0.399507 0.002712 0.004276
0 0.074704 0.425164 0.011341 0.020724
0 0.292036 0.410526 0.003205 0.007237
0 0.431460 0.417105 0.004438 0.007895
0 0.030695 0.412993 0.004191 0.024013
0 0.039078 0.398520 0.005671 0.021382
0 0.141889 0.374178 0.003698 0.006908
0 0.780202 0.392763 0.003205 0.004605
0 0.131710 0.430426 0.009662 0.020885
0 0.083950 0.475329 0.010602 0.045395
0 0.158962 0.386020 0.002835 0.009539
0 0.024417 0.463656 0.014085 0.029135
0 0.414448 0.356414 0.003945 0.003618
0 0.526874 0.568421 0.026134 0.039474
0 0.014090 0.446184 0.012845 0.030526
0 0.141765 0.397533 0.003945 0.016118
0 0.015433 0.413569 0.004751 0.023526
0 0.033407 0.439145 0.008629 0.015789
0 0.090976 0.384868 0.004931 0.013816
0 0.239522 0.449720 0.011588 0.023125
0 0.315459 0.520066 0.031805 0.032895
0 0.297091 0.519901 0.012327 0.031250
0 0.290187 0.362993 0.002465 0.008882
0 0.413555 0.550064 0.046312 0.015135
0 0.294255 0.364145 0.002712 0.005263
0 0.070759 0.382401 0.004438 0.015461
0 0.384201 0.531923 0.016765 0.082865
0 0.038215 0.456250 0.006903 0.032237
