0 0.557743 0.329373 0.001314 0.002437
0 0.186182 0.367645 0.003725 0.006336
0 0.555222 0.327036 0.001824 0.002046
0 0.706277 0.524883 0.017998 0.093655
0 0.215730 0.370724 0.008383 0.032895
0 0.345407 0.315617 0.003368 0.007122
0 0.560774 0.326480 0.001726 0.002961
0 0.435035 0.425822 0.006164 0.010197
0 0.512971 0.311480 0.001869 0.005855
0 0.545242 0.315954 0.001233 0.002303
0 0.292899 0.396711 0.013314 0.017105
0 0.534442 0.315877 0.001314 0.002536
0 0.215255 0.344890 0.002118 0.006628
0 0.784588 0.910722 0.118368 0.178556
0 0.901504 0.916118 0.101331 0.167763
0 0.402341 0.314998 0.002996 0.007016
0 0.386464 0.327714 0.003205 0.011349
0 0.631071 0.519023 0.034578 0.049099
0 0.453279 0.421053 0.006164 0.006579
0 0.598913 0.338421 0.002959 0.003618
0 0.421598 0.319276 0.003945 0.005000
0 0.483494 0.311490 0.001972 0.007796
0 0.202408 0.374508 0.009386 0.034273
0 0.201595 0.359995 0.006356 0.012865
0 0.283284 0.394408 0.007890 0.015132
0 0.717098 0.516727 0.015064 0.106349
0 0.994822 0.597039 0.010355 0.080921
0 0.137975 0.346301 0.008400 0.011207
0 0.389880 0.326678 0.003572 0.010132
0 0.693883 0.520395 0.020710 0.082434
0 0.662179 0.533651 0.032643 0.062697
0 0.219206 0.350257 0.007692 0.014158
0 0.550592 0.384638 0.005030 0.019934
0 0.174051 0.340263 0.010823 0.025197
0 0.595843 0.385946 0.006775 0.004484
0 0.472175 0.323485 0.004418 0.006714
0 0.590809 0.383862 0.005325 0.008684
0 0.193998 0.377984 0.016294 0.024559
0 0.212498 0.380041 0.005370 0.016398
0 0.354242 0.323742 0.011028 0.003799
