0 0.287143 0.343372 0.005745 0.018520
0 0.184336 0.398747 0.013676 0.019283
0 0.853674 0.341612 0.002219 0.002961
0 0.335187 0.315179 0.002899 0.010957
0 0.255508 0.384387 0.004270 0.012806
0 0.389546 0.380921 0.003452 0.004605
0 0.502959 0.360362 0.004438 0.006250
0 0.399778 0.462336 0.041174 0.020066
0 0.254561 0.339474 0.005178 0.008553
0 0.246647 0.427697 0.038264 0.009079
0 0.437629 0.313122 0.002601 0.008362
0 0.275394 0.327467 0.002959 0.008224
0 0.578123 0.376618 0.003282 0.005388
0 0.344781 0.316232 0.003205 0.009773
0 0.404339 0.312336 0.002465 0.008882
0 0.145340 0.323520 0.004684 0.016776
0 0.423817 0.314054 0.004310 0.005359
0 0.447485 0.331086 0.003452 0.003618
0 0.225962 0.346053 0.005178 0.017105
0 0.272806 0.343914 0.004191 0.018750
0 0.348866 0.430592 0.016765 0.050000
0 0.417036 0.370888 0.007643 0.018092
0 0.478476 0.321530 0.004586 0.009507
0 0.229413 0.369079 0.006657 0.021053
0 0.320881 0.322837 0.009904 0.004444
0 0.260232 0.391661 0.005178 0.026086
0 0.575197 0.375658 0.002959 0.006579
0 0.398264 0.335336 0.003945 0.010526
0 0.168516 0.343586 0.012081 0.021382
0 0.818910 0.425987 0.011095 0.014474
0 0.985823 0.572368 0.028353 0.051974
0 0.294009 0.343092 0.005671 0.019737
0 0.301773 0.331433 0.003067 0.007602
0 0.427615 0.312599 0.001970 0.008092
0 0.017998 0.394408 0.020217 0.076316
0 0.839250 0.351645 0.003452 0.003947
0 0.448471 0.312171 0.002959 0.008553
0 0.251972 0.325822 0.003945 0.009539
0 0.554487 0.380839 0.005917 0.007730
0 0.214557 0.375577 0.019110 0.025095
0 0.256285 0.364145 0.006903 0.026974
0 0.298666 0.326498 0.003151 0.010628
0 0.253891 0.384229 0.004418 0.011957
0 0.435642 0.320535 0.009130 0.002727
0 0.539448 0.403954 0.006410 0.006579
0 0.243892 0.373112 0.012192 0.016947
0 0.547584 0.493914 0.016272 0.071382
0 0.567281 0.393092 0.008580 0.021053
0 0.071822 0.394092 0.013067 0.072697
0 0.416529 0.335906 0.003383 0.006872
0 0.682199 0.507237 0.027613 0.059211
0 0.330108 0.314660 0.003590 0.012260
0 0.759862 0.306250 0.001479 0.005921
0 0.080868 0.410197 0.007890 0.042105
0 0.441248 0.501924 0.032199 0.042862
0 0.433715 0.493609 0.025118 0.033007
0 0.577682 0.393122 0.006943 0.020882
0 0.519847 0.500493 0.023422 0.054934
0 0.433688 0.313510 0.002347 0.007717
0 0.171474 0.330921 0.004684 0.019079
0 0.254900 0.393071 0.014263 0.022905
0 0.591149 0.375411 0.004093 0.007401
0 0.279463 0.326645 0.002712 0.009868
0 0.463545 0.316470 0.003964 0.005283
0 0.085125 0.403145 0.011990 0.054730
0 0.303481 0.330391 0.002899 0.006980
