0 0.553908 0.382599 0.007569 0.009145
0 0.424063 0.326316 0.004931 0.006579
0 0.594231 0.383059 0.007791 0.008224
0 0.521326 0.374013 0.005671 0.007895
0 0.381410 0.335033 0.002959 0.005592
0 0.219305 0.361513 0.006657 0.011842
0 0.501849 0.322039 0.002712 0.007237
0 0.562993 0.382730 0.008136 0.008882
0 0.488536 0.307566 0.002219 0.008553
0 0.327909 0.387171 0.004438 0.012500
0 0.554241 0.322368 0.004438 0.006579
0 0.255301 0.380757 0.006164 0.012829
0 0.305350 0.346678 0.005671 0.019013
0 0.374064 0.415418 0.011235 0.021388
0 0.388807 0.332566 0.002465 0.009868
0 0.644527 0.383882 0.002367 0.005263
0 0.491741 0.372697 0.004684 0.011842
0 0.233974 0.371382 0.007890 0.015132
0 0.295611 0.326316 0.003452 0.014474
0 0.104167 0.398849 0.027367 0.083224
0 0.218372 0.383084 0.004544 0.010273
0 0.474236 0.318257 0.002712 0.004276
0 0.599606 0.345066 0.003452 0.004605
0 0.530143 0.339362 0.001489 0.002105
0 0.341457 0.480115 0.054068 0.016743
0 0.429650 0.343952 0.003866 0.010319
0 0.584384 0.401480 0.005843 0.016118
0 0.526997 0.309539 0.002712 0.005921
0 0.530208 0.351005 0.003390 0.003655
0 0.541420 0.353783 0.004931 0.010197
0 0.332594 0.359046 0.007396 0.006908
0 0.895340 0.392599 0.008629 0.019408
0 0.484435 0.358699 0.004384 0.007990
0 0.529253 0.537138 0.077983 0.023553
0 0.504191 0.362664 0.005424 0.006250
0 0.381534 0.376645 0.003205 0.005921
0 0.470673 0.426299 0.013289 0.039441
0 0.569190 0.383829 0.005555 0.006882
0 0.419995 0.425329 0.020464 0.050658
0 0.449704 0.357072 0.003945 0.010197
0 0.453526 0.357895 0.004684 0.011184
0 0.455005 0.340461 0.002712 0.004605
0 0.521820 0.350329 0.002712 0.003947
0 0.384615 0.374013 0.003452 0.007237
0 0.367357 0.407566 0.013314 0.032237
0 0.374137 0.436020 0.015039 0.046382
0 0.380424 0.417105 0.013314 0.046053
0 0.185035 0.335855 0.003698 0.007237
0 0.397436 0.333882 0.002465 0.007237
0 0.570254 0.379260 0.006386 0.007862
0 0.278723 0.345066 0.005178 0.019737
0 0.406950 0.348775 0.002273 0.010345
0 0.329882 0.317270 0.002959 0.011513
0 0.515286 0.374178 0.004438 0.007566
0 0.551036 0.538043 0.054043 0.013717
0 0.340434 0.323033 0.004320 0.013145
0 0.158161 0.417270 0.016026 0.081250
0 0.192924 0.355592 0.008629 0.012500
0 0.275136 0.360938 0.004956 0.026809
0 0.562303 0.499918 0.022978 0.038980
0 0.573545 0.495329 0.026134 0.039934
0 0.677761 0.398684 0.004438 0.005921
0 0.286366 0.326480 0.005178 0.014803
0 0.224606 0.344572 0.006410 0.012829
0 0.481743 0.367467 0.007372 0.009934
0 0.239645 0.360362 0.007890 0.012171
0 0.265286 0.385855 0.005424 0.013816
0 0.391501 0.341566 0.003452 0.005263
0 0.312463 0.346053 0.005104 0.017105
0 0.967702 0.377961 0.005917 0.019737
0 0.159763 0.088980 0.010355 0.016118
0 0.505794 0.324671 0.002219 0.010526
0 0.219054 0.397775 0.029544 0.015240
0 0.427032 0.488500 0.021824 0.047737
0 0.458210 0.317105 0.004191 0.010526
0 0.509739 0.329112 0.001726 0.003618
0 0.483605 0.350658 0.003698 0.005263
0 0.636464 0.473026 0.017012 0.040789
0 0.265779 0.359704 0.009862 0.027961
0 0.324371 0.350674 0.004758 0.016414
0 0.595907 0.344737 0.002959 0.004605
0 0.347742 0.471151 0.056558 0.016691
0 0.347756 0.360855 0.005178 0.011842
0 0.497165 0.432566 0.008629 0.032237
0 0.302665 0.402895 0.012618 0.021184
0 0.508999 0.373849 0.007150 0.008882
0 0.220833 0.379717 0.003156 0.007914
0 0.671105 0.401316 0.005917 0.009211
0 0.525025 0.321546 0.002712 0.004934
0 0.325321 0.337500 0.005178 0.017105
0 0.347048 0.399158 0.017808 0.019553
0 0.536953 0.339516 0.001331 0.001868
0 0.536243 0.352796 0.003452 0.009539
0 0.317710 0.348242 0.004965 0.017003
0 0.482742 0.329112 0.001972 0.003618
0 0.071869 0.399178 0.021943 0.084539
0 0.432742 0.324737 0.003698 0.012368
0 0.218676 0.429145 0.040952 0.022632
0 0.788092 0.518914 0.007643 0.016776
0 0.538572 0.376181 0.002983 0.006125
0 0.364018 0.323752 0.002192 0.007036
0 0.465730 0.359211 0.004931 0.006579
0 0.492947 0.361811 0.002369 0.003155
0 0.409874 0.479276 0.020932 0.071053
0 0.254241 0.337747 0.007692 0.009375
0 0.891149 0.497368 0.013067 0.056579
0 0.256287 0.361020 0.007150 0.008882
0 0.475468 0.353289 0.004191 0.006579
0 0.361193 0.353125 0.005917 0.014803
0 0.706484 0.391612 0.009615 0.019408
0 0.760725 0.575000 0.022436 0.058553
0 0.460403 0.359673 0.002922 0.005260
0 0.458469 0.337405 0.001534 0.003020
0 0.701430 0.339145 0.002959 0.005263
0 0.793886 0.581414 0.058679 0.059539
0 0.442184 0.350493 0.003205 0.004934
0 0.321129 0.337664 0.003205 0.017434
0 0.862796 0.438651 0.012574 0.016776
0 0.221893 0.371217 0.009862 0.010197
0 0.548447 0.325822 0.002219 0.004934
0 0.591812 0.322829 0.002106 0.003789
0 0.269850 0.332158 0.007101 0.009822
0 0.289212 0.383169 0.008415 0.025727
0 0.542253 0.381954 0.008619 0.008842
0 0.808555 0.540296 0.026874 0.037829
0 0.336169 0.413322 0.011588 0.051645
0 0.507802 0.346507 0.002774 0.003408
0 0.405547 0.343750 0.006361 0.007895
0 0.291050 0.326151 0.003698 0.014145
0 0.363930 0.441414 0.035996 0.030066
0 0.489220 0.364010 0.003434 0.007309
0 0.535052 0.339829 0.001667 0.001638
0 0.318617 0.339674 0.002860 0.006171
0 0.356514 0.434775 0.024374 0.021740
0 0.634615 0.449836 0.016765 0.035197
0 0.394580 0.342449 0.003242 0.004911
0 0.595661 0.503125 0.034024 0.035197
0 0.448348 0.372039 0.005178 0.019737
0 0.447608 0.349178 0.002219 0.006250
0 0.258013 0.395724 0.011588 0.024342
0 0.612549 0.380592 0.006164 0.011842
0 0.274798 0.447063 0.032998 0.044033
0 0.337648 0.318914 0.003698 0.013487
0 0.245439 0.426316 0.025888 0.009868
0 0.447143 0.341447 0.001726 0.003289
0 0.539534 0.481382 0.015459 0.028553
0 0.620685 0.475987 0.013560 0.054605
0 0.237790 0.395130 0.023237 0.024280
