0 0.184713 0.448571 0.014845 0.030839
0 0.315544 0.390153 0.002044 0.003411
0 0.325301 0.361211 0.002983 0.005105
0 0.312604 0.446829 0.008777 0.023072
0 0.107626 0.434270 0.005030 0.014408
0 0.060784 0.398314 0.002821 0.007859
0 0.200650 0.513164 0.020116 0.095158
0 0.169107 0.424363 0.008960 0.020793
0 0.037530 0.491314 0.033624 0.020957
0 0.393272 0.410520 0.003698 0.007053
0 0.591609 0.612959 0.027788 0.047668
0 0.403201 0.542868 0.029450 0.018283
0 0.223930 0.480036 0.005113 0.008868
0 0.181133 0.522401 0.008898 0.021283
0 0.126611 0.490757 0.005032 0.016211
0 0.273316 0.361041 0.004004 0.007970
0 0.225129 0.405452 0.002700 0.003273
0 0.220773 0.412656 0.005767 0.006220
0 0.328600 0.507801 0.008284 0.007095
0 0.280943 0.363257 0.002557 0.009197
0 0.328539 0.361615 0.002473 0.005684
0 0.483929 0.414949 0.002700 0.006056
0 0.485201 0.349118 0.002897 0.003638
0 0.071951 0.454066 0.012641 0.012934
0 0.119345 0.428538 0.006383 0.026852
0 0.051826 0.427459 0.009450 0.036023
0 0.298967 0.357010 0.001790 0.006480
0 0.331360 0.503707 0.023213 0.059217
0 0.349444 0.420296 0.005284 0.012283
0 0.567318 0.378191 0.001839 0.001967
0 0.073290 0.479377 0.015708 0.023905
0 0.265391 0.356839 0.002473 0.002954
0 0.192302 0.405452 0.006013 0.006878
0 0.111860 0.426656 0.009080 0.029964
0 0.151805 0.423053 0.005030 0.026033
0 0.416471 0.349345 0.002981 0.003638
0 0.065693 0.397414 0.004295 0.010316
0 0.319719 0.361785 0.002387 0.005345
0 0.295303 0.398454 0.004689 0.007507
0 0.086850 0.489283 0.011413 0.024724
0 0.056857 0.428270 0.005523 0.032434
0 0.334837 0.524789 0.034260 0.039158
0 0.378206 0.350028 0.001620 0.004773
0 0.458773 0.426903 0.007118 0.010970
0 0.235498 0.374181 0.004541 0.008842
0 0.105009 0.483697 0.015841 0.016145
0 0.029736 0.433516 0.007732 0.033401
0 0.066797 0.420827 0.005276 0.009990
0 0.829487 0.672035 0.096188 0.103076
0 0.187698 0.382530 0.004909 0.013099
0 0.588860 0.607051 0.044278 0.058668
0 0.449003 0.564285 0.014968 0.047286
0 0.139373 0.488301 0.025648 0.028326
0 0.151375 0.407008 0.004909 0.014247
0 0.186534 0.406434 0.004541 0.005566
0 0.030288 0.481572 0.008102 0.017520
0 0.247792 0.385719 0.003577 0.007280
0 0.119223 0.412656 0.005646 0.010477
0 0.297135 0.385038 0.001706 0.001819
0 0.579037 0.438854 0.009327 0.013918
0 0.321040 0.360755 0.002470 0.004194
0 0.137139 0.420926 0.005890 0.027016
0 0.084959 0.395367 0.003070 0.012773
0 0.992737 0.351641 0.008481 0.010375
0 0.259596 0.385036 0.003323 0.006138
0 0.263110 0.395220 0.002330 0.002783
0 0.542834 0.361000 0.003681 0.017355
0 0.040536 0.451372 0.007241 0.013441
0 0.425801 0.555558 0.018407 0.023194
0 0.359500 0.416431 0.003920 0.006368
0 0.300288 0.442400 0.009546 0.021036
0 0.177758 0.508074 0.015441 0.030563
0 0.218073 0.375326 0.003804 0.013428
0 0.235640 0.490814 0.022803 0.034793
0 0.373519 0.417227 0.003153 0.005230
0 0.493748 0.414867 0.003437 0.005240
0 0.442420 0.549273 0.017078 0.043947
0 0.147570 0.421581 0.004909 0.025707
0 0.056919 0.394957 0.002700 0.007697
0 0.242003 0.448760 0.005032 0.006388
0 0.208130 0.536115 0.045303 0.041888
0 0.442523 0.557809 0.010737 0.043526
0 0.384982 0.420921 0.003237 0.005572
0 0.218993 0.368204 0.002946 0.010645
0 0.192075 0.513260 0.010535 0.009276
0 0.282179 0.388327 0.003323 0.004332
0 0.228627 0.405289 0.003067 0.003276
0 0.279199 0.389641 0.003319 0.008980
0 0.403458 0.549826 0.024440 0.017191
0 0.236481 0.386623 0.003070 0.004253
0 0.229117 0.374262 0.003314 0.012280
0 0.123580 0.416178 0.004541 0.020796
0 0.557560 0.439837 0.003928 0.007694
0 0.294068 0.388556 0.001874 0.003171
0 0.126770 0.426984 0.005523 0.019809
0 0.274339 0.392258 0.003323 0.006253
0 0.114310 0.385901 0.003817 0.010750
0 0.623061 0.623145 0.016186 0.029743
0 0.399214 0.345479 0.001874 0.002957
0 0.266421 0.513327 0.024238 0.028516
0 0.407437 0.426095 0.003494 0.004546
0 0.141557 0.420352 0.004662 0.028487
0 0.041149 0.401424 0.005523 0.021283
0 0.155240 0.422890 0.004786 0.023411
0 0.479021 0.429768 0.003190 0.003602
0 0.551855 0.439018 0.006013 0.013918
0 0.251882 0.384577 0.002557 0.007516
0 0.260917 0.363711 0.004260 0.004901
0 0.061398 0.430569 0.007485 0.032743
0 0.047776 0.449316 0.011169 0.015882
0 0.344927 0.418762 0.004771 0.006937
0 0.271398 0.367355 0.002046 0.006480
0 0.325838 0.421206 0.002387 0.003865
0 0.539153 0.413230 0.003681 0.004257
0 0.219116 0.402178 0.006137 0.014408
0 0.026852 0.448826 0.013008 0.016211
0 0.129800 0.503855 0.023930 0.041750
0 0.083978 0.407156 0.006995 0.022266
0 0.222612 0.374590 0.003804 0.010970
0 0.764140 0.660424 0.041834 0.045632
0 0.013169 0.423692 0.004297 0.011464
0 0.546700 0.379174 0.001842 0.002947
0 0.171562 0.424036 0.004539 0.016211
0 0.425444 0.547234 0.019532 0.020467
0 0.439689 0.422643 0.004541 0.008023
0 0.264837 0.364678 0.002046 0.005013
0 0.235743 0.446959 0.004786 0.005405
0 0.901246 0.694238 0.070540 0.096964
0 0.263941 0.356214 0.002300 0.003296
0 0.267649 0.385890 0.004090 0.007161
0 0.114006 0.405044 0.006504 0.016536
0 0.263261 0.385263 0.003834 0.006822
0 0.078946 0.394220 0.005767 0.007862
0 0.356643 0.417679 0.002295 0.003187
0 0.494533 0.349232 0.002300 0.002273
0 0.335767 0.419954 0.005710 0.008414
0 0.086912 0.463987 0.007118 0.012770
0 0.525224 0.404143 0.002332 0.003766
0 0.267904 0.354566 0.002214 0.006822
0 0.325088 0.369283 0.002897 0.005809
0 0.243616 0.520355 0.012374 0.022921
0 0.268714 0.362347 0.002473 0.009655
0 0.007892 0.423610 0.008960 0.023411
