0 0.496778 0.347207 0.002796 0.003507
0 0.002316 0.413087 0.003942 0.013457
0 0.132028 0.485770 0.019228 0.032355
0 0.834274 0.499181 0.013464 0.032717
0 0.078065 0.480908 0.016558 0.042697
0 0.162521 0.471562 0.010145 0.054145
0 0.151865 0.381327 0.004174 0.007891
0 0.017919 0.434992 0.008417 0.026306
0 0.060116 0.476638 0.011548 0.018934
0 0.109924 0.395803 0.006410 0.017645
0 0.172851 0.420699 0.004406 0.004332
0 0.271743 0.411464 0.007303 0.006961
0 0.097403 0.477656 0.013775 0.019490
0 0.310619 0.532543 0.026928 0.042987
0 0.302355 0.406822 0.004058 0.007270
0 0.017838 0.393702 0.009048 0.015780
0 0.042654 0.389449 0.005565 0.014076
0 0.125927 0.460301 0.012382 0.025990
0 0.061506 0.456309 0.009601 0.019493
0 0.564631 0.565743 0.059386 0.057421
0 0.241908 0.499373 0.011514 0.020089
0 0.028519 0.394987 0.003247 0.018408
0 0.032788 0.456757 0.007515 0.011138
0 0.037204 0.388831 0.005567 0.014385
0 0.104327 0.420852 0.007421 0.032487
0 0.342955 0.516503 0.019475 0.070572
0 0.158299 0.403990 0.004522 0.009592
0 0.247104 0.354146 0.003479 0.008352
0 0.013904 0.453500 0.011299 0.035928
0 0.821770 0.492765 0.012983 0.037852
0 0.141720 0.429515 0.010782 0.026918
0 0.123167 0.420465 0.009159 0.031405
0 0.162126 0.414819 0.007769 0.021967
0 0.395604 0.385132 0.002737 0.003118
0 0.144465 0.479956 0.016228 0.037694
0 0.353054 0.517145 0.010338 0.068645
0 0.254466 0.362811 0.007769 0.006187
0 0.420244 0.393189 0.002253 0.002898
0 0.418432 0.393135 0.001529 0.003224
0 0.009691 0.428160 0.008188 0.035286
0 0.305298 0.362183 0.002628 0.007609
0 0.224058 0.502906 0.005473 0.008918
