0 0.309048 0.711349 0.046105 0.060197
0 0.324581 0.693092 0.015533 0.023026
0 0.556460 0.511678 0.021696 0.050987
0 0.370020 0.714934 0.028994 0.051579
0 0.827046 0.262007 0.009615 0.012171
0 0.845291 0.602138 0.020957 0.058224
0 0.159393 0.756908 0.043146 0.094737
0 0.248767 0.719243 0.058185 0.070066
0 0.829265 0.337171 0.016026 0.040789
0 0.264053 0.699342 0.028600 0.030921
0 0.427885 0.674013 0.025394 0.107895
0 0.124260 0.767270 0.037968 0.081250
0 0.505301 0.269243 0.009615 0.015461
0 0.022559 0.779770 0.045118 0.090461
0 0.919995 0.262500 0.008136 0.012500
0 0.384307 0.725987 0.035626 0.055921
0 0.473989 0.268586 0.015039 0.014145
0 0.969551 0.591612 0.019477 0.079934
0 0.416479 0.730077 0.066844 0.064714
0 0.405650 0.699632 0.011728 0.012053
0 0.799310 0.256743 0.006410 0.023355
