0 0.279463 0.368257 0.004191 0.006250
0 0.287722 0.367434 0.001972 0.007895
0 0.092759 0.442845 0.011800 0.035822
0 0.383888 0.433174 0.008013 0.011086
0 0.025148 0.412171 0.009862 0.015132
0 0.026627 0.457237 0.010355 0.042763
0 0.899285 0.615549 0.015533 0.032566
0 0.934538 0.597196 0.025954 0.067543
0 0.734714 0.467599 0.006410 0.008882
0 0.432322 0.443092 0.007150 0.018421
0 0.507643 0.549836 0.023669 0.108882
0 0.917960 0.591362 0.015806 0.036092
0 0.377295 0.433612 0.005962 0.009211
0 0.090939 0.452484 0.009788 0.020164
0 0.013683 0.436020 0.009615 0.025329
0 0.189472 0.370230 0.003205 0.012829
0 0.118220 0.401447 0.005671 0.019342
0 0.022313 0.440789 0.006657 0.037500
0 0.403957 0.432924 0.007668 0.008224
0 0.357125 0.484500 0.010602 0.031579
0 0.745192 0.468750 0.005671 0.009868
0 0.112673 0.431414 0.013314 0.031908
0 0.267998 0.353947 0.001972 0.007237
0 0.216716 0.363322 0.002465 0.008224
0 0.439832 0.558064 0.030493 0.050845
0 0.913082 0.582717 0.021203 0.078947
0 0.123004 0.402900 0.005076 0.017490
0 0.470846 0.568668 0.024778 0.086020
0 0.659147 0.449013 0.005671 0.006579
