0 0.269522 0.365000 0.003146 0.009408
0 0.261048 0.361714 0.002273 0.006230
0 0.521746 0.573586 0.040828 0.062961
0 0.353312 0.354436 0.001753 0.002806
0 0.910750 0.467763 0.011834 0.030263
0 0.061191 0.431298 0.005049 0.019030
0 0.019724 0.411842 0.005424 0.011842
0 0.870722 0.481883 0.020044 0.039786
0 0.170611 0.490536 0.010355 0.013816
0 0.025148 0.415625 0.006410 0.007566
0 0.263683 0.360921 0.002219 0.007105
0 0.267036 0.365148 0.002022 0.008520
0 0.410823 0.555115 0.014448 0.033914
0 0.363166 0.432072 0.006410 0.016118
0 0.321499 0.530329 0.060158 0.019868
0 0.359667 0.355372 0.001489 0.002105
0 0.132643 0.400822 0.003945 0.017434
0 0.164201 0.437007 0.005917 0.029934
0 0.102382 0.379895 0.011484 0.007954
0 0.427885 0.431414 0.008136 0.013487
0 0.426060 0.549178 0.018294 0.030592
0 0.479536 0.581711 0.044379 0.041053
0 0.018060 0.439342 0.017382 0.014079
0 0.344921 0.430428 0.006903 0.007566
0 0.068417 0.431414 0.010108 0.017434
0 0.357739 0.355079 0.001667 0.002454
0 0.849903 0.483273 0.018494 0.041546
0 0.256657 0.485197 0.017258 0.025658
0 0.004724 0.400776 0.009448 0.010184
0 0.032298 0.415296 0.005917 0.010855
