0 0.312695 0.361069 0.002604 0.003868
0 0.613625 0.532495 0.010076 0.013852
0 0.115594 0.385799 0.003240 0.015914
0 0.266975 0.511862 0.022949 0.030454
0 0.377054 0.363595 0.002899 0.003553
0 0.115163 0.480900 0.005197 0.008299
0 0.311277 0.529956 0.022456 0.092510
0 0.112429 0.385995 0.003092 0.015128
0 0.251106 0.359276 0.003553 0.005684
0 0.068037 0.421352 0.007209 0.011316
0 0.320863 0.351197 0.002485 0.006395
0 0.366869 0.523077 0.019265 0.058451
0 0.276416 0.415709 0.007576 0.018556
0 0.202743 0.372778 0.003553 0.005589
0 0.176275 0.373610 0.003748 0.013984
0 0.131974 0.406327 0.005303 0.019240
0 0.130843 0.504720 0.028891 0.040704
0 0.264255 0.392533 0.003491 0.002526
0 0.068462 0.455444 0.007633 0.008204
0 0.272482 0.397153 0.003849 0.005451
0 0.272421 0.388033 0.003491 0.008211
0 0.227544 0.514217 0.022678 0.082914
0 0.478110 0.578997 0.047419 0.067197
0 0.717601 0.454472 0.015878 0.025668
0 0.207146 0.373299 0.002843 0.003789
0 0.070583 0.478788 0.012300 0.022635
0 0.348680 0.367266 0.001901 0.002053
0 0.080868 0.451908 0.008269 0.014711
0 0.225965 0.360934 0.002414 0.010138
0 0.283543 0.451854 0.004541 0.004747
0 0.423353 0.557296 0.026948 0.023776
0 0.231469 0.362071 0.001918 0.008431
0 0.351312 0.365016 0.002544 0.003711
0 0.267161 0.478298 0.007118 0.013424
0 0.105192 0.475327 0.006903 0.011030
0 0.308523 0.383454 0.002426 0.001737
0 0.171460 0.389870 0.004004 0.009891
0 0.290176 0.375123 0.004322 0.014609
0 0.382086 0.364819 0.001479 0.002684
0 0.878681 0.693220 0.083363 0.089224
0 0.208768 0.534454 0.034608 0.044796
0 0.109793 0.479990 0.005710 0.008303
0 0.182241 0.458262 0.013294 0.033201
0 0.108821 0.400238 0.003240 0.013753
0 0.253247 0.386217 0.003609 0.009474
0 0.309559 0.361266 0.002604 0.005368
0 0.677600 0.581995 0.023208 0.029740
0 0.615218 0.366459 0.004194 0.003957
0 0.259271 0.363398 0.002414 0.004454
0 0.650499 0.363936 0.002147 0.003273
0 0.266948 0.384007 0.002840 0.005211
0 0.106244 0.382852 0.004564 0.014342
0 0.255939 0.390164 0.003195 0.012632
0 0.273458 0.392454 0.004500 0.007579
0 0.183902 0.436885 0.006561 0.013191
0 0.321709 0.403554 0.006504 0.007694
0 0.292751 0.377373 0.002130 0.003161
0 0.177766 0.378498 0.003496 0.013984
0 0.865703 0.468122 0.017101 0.033408
0 0.270196 0.364470 0.002147 0.005184
0 0.778826 0.654311 0.022293 0.059484
0 0.273221 0.381479 0.006038 0.011372
0 0.292808 0.441212 0.009571 0.024398
0 0.293299 0.541408 0.031908 0.038164
0 0.220284 0.436508 0.004122 0.006286
0 0.053618 0.439742 0.005091 0.015845
0 0.659125 0.614385 0.022293 0.035855
0 0.351726 0.358265 0.001361 0.002214
0 0.185648 0.522370 0.010750 0.017878
0 0.356667 0.364938 0.001183 0.002289
0 0.332262 0.422464 0.006013 0.017026
0 0.167454 0.453487 0.009287 0.039796
0 0.265948 0.361549 0.003267 0.009855
0 0.112591 0.501166 0.008269 0.019240
0 0.260231 0.377137 0.003612 0.012635
0 0.190918 0.399924 0.004046 0.013836
0 0.212626 0.439949 0.006775 0.018273
0 0.492041 0.421891 0.008466 0.007697
0 0.298024 0.439247 0.006013 0.023086
0 0.306659 0.361543 0.002367 0.005763
0 0.101753 0.402400 0.004714 0.019648
0 0.445418 0.546283 0.017083 0.026526
0 0.154752 0.373145 0.004125 0.013362
0 0.131653 0.482607 0.005796 0.013076
0 0.091044 0.468791 0.014573 0.021602
0 0.079638 0.387372 0.006109 0.010184
0 0.511622 0.336100 0.001943 0.006003
0 0.031066 0.564387 0.038523 0.147497
0 0.121810 0.478171 0.006050 0.009664
0 0.068886 0.402255 0.006361 0.019523
0 0.746916 0.552661 0.021987 0.089224
0 0.125568 0.411939 0.002897 0.023766
0 0.138770 0.488461 0.013550 0.025013
0 0.129991 0.492385 0.013380 0.023763
0 0.325182 0.356133 0.002130 0.004424
0 0.157102 0.410429 0.006363 0.024049
0 0.128474 0.375771 0.003393 0.009622
0 0.213325 0.397035 0.005964 0.014687
0 0.014529 0.384089 0.004714 0.005500
0 0.171375 0.435408 0.007246 0.016829
0 0.228771 0.360602 0.002912 0.010803
0 0.285234 0.421513 0.003314 0.006316
0 0.416847 0.362755 0.001987 0.003293
0 0.274400 0.470030 0.008099 0.024724
0 0.244951 0.401536 0.002505 0.002750
0 0.198602 0.465255 0.005454 0.013530
0 0.530021 0.579683 0.041674 0.072109
0 0.226468 0.430714 0.005890 0.017487
0 0.349772 0.361306 0.002073 0.003237
0 0.268545 0.417525 0.006391 0.020135
0 0.112724 0.401516 0.006331 0.013559
0 0.261759 0.363919 0.003410 0.005306
0 0.313523 0.356725 0.002959 0.005609
0 0.249608 0.387243 0.004024 0.008842
0 0.316308 0.404701 0.003804 0.007368
0 0.044914 0.498436 0.027589 0.008799
0 0.144909 0.418495 0.005725 0.014148
0 0.036397 0.407862 0.006038 0.011789
0 0.265321 0.397982 0.003373 0.004582
0 0.261414 0.390757 0.005505 0.010342
0 0.318082 0.533630 0.064808 0.023266
0 0.061252 0.440025 0.009329 0.038477
0 0.188248 0.474350 0.012187 0.029674
0 0.321089 0.531829 0.057320 0.019993
0 0.341960 0.360515 0.001953 0.005293
0 0.051392 0.454313 0.008696 0.039329
0 0.298254 0.383612 0.001893 0.002211
0 0.040153 0.404817 0.003826 0.004516
0 0.328171 0.356488 0.002426 0.003714
0 0.735160 0.604607 0.076647 0.025260
0 0.247448 0.359512 0.002485 0.007865
0 0.123624 0.412803 0.004177 0.024105
0 0.813179 0.665923 0.065959 0.092484
0 0.276444 0.389806 0.003380 0.012243
0 0.340362 0.367188 0.003728 0.004105
0 0.396307 0.519168 0.024887 0.068178
0 0.952883 0.694646 0.061990 0.092891
0 0.391901 0.560081 0.064670 0.057141
0 0.163720 0.376408 0.003536 0.012967
0 0.300533 0.364188 0.001598 0.003316
0 0.176812 0.506750 0.016346 0.029079
0 0.282375 0.364809 0.002453 0.007776
0 0.050756 0.387627 0.002946 0.005109
0 0.047811 0.386643 0.002944 0.005503
0 0.272022 0.354822 0.001775 0.007013
0 0.296923 0.375558 0.003018 0.004740
0 0.054364 0.389788 0.003683 0.013753
0 0.026605 0.420929 0.011780 0.010411
0 0.061889 0.475816 0.009753 0.031408
0 0.139820 0.403923 0.004877 0.017826
0 0.415111 0.362681 0.001780 0.002789
0 0.598968 0.563051 0.018015 0.058668
