0 0.119699 0.409704 0.006164 0.020066
0 0.091575 0.434668 0.008136 0.018421
0 0.088511 0.387664 0.002959 0.012829
0 0.174556 0.372039 0.002465 0.007237
0 0.215054 0.437100 0.005049 0.008365
0 0.462401 0.636842 0.051529 0.198684
0 0.161736 0.486184 0.010848 0.044737
0 0.429401 0.555189 0.010251 0.014260
0 0.588141 0.574424 0.031854 0.114309
0 0.612611 0.587204 0.036612 0.098618
0 0.127293 0.427188 0.006262 0.014901
0 0.557352 0.582895 0.027367 0.102632
0 0.185915 0.439296 0.007421 0.015789
0 0.004283 0.400893 0.003895 0.021174
0 0.860330 0.572039 0.020464 0.087500
0 0.207964 0.383388 0.002712 0.009539
0 0.190089 0.429359 0.005917 0.013980
0 0.470168 0.443914 0.004438 0.008882
0 0.313609 0.449013 0.003452 0.005263
0 0.165434 0.378289 0.003452 0.013816
0 0.352934 0.482895 0.012081 0.037500
0 0.083858 0.467941 0.014694 0.026316
0 0.158284 0.379276 0.002465 0.009868
0 0.091071 0.406842 0.012138 0.010395
0 0.379684 0.502632 0.014300 0.059211
0 0.249887 0.501576 0.014083 0.019217
0 0.280572 0.420395 0.005917 0.011184
0 0.489649 0.562834 0.010249 0.016964
0 0.085429 0.386842 0.003698 0.014474
0 0.623797 0.577365 0.024655 0.114020
0 0.052885 0.430576 0.007643 0.030888
0 0.044756 0.407566 0.004931 0.020395
0 0.838141 0.568914 0.026381 0.093750
0 0.208701 0.485451 0.016272 0.049178
0 0.013595 0.444049 0.008383 0.035191
0 0.261341 0.407566 0.003945 0.009211
0 0.266672 0.499605 0.016198 0.025329
0 0.257193 0.371054 0.001664 0.005030
0 0.149285 0.481579 0.012081 0.047368
0 0.247165 0.370230 0.005178 0.005592
0 0.115138 0.435312 0.006903 0.029836
0 0.445390 0.540954 0.025394 0.057566
0 0.366248 0.505592 0.014053 0.053289
0 0.301529 0.370066 0.002959 0.005921
0 0.167653 0.389803 0.003452 0.017105
0 0.200197 0.379934 0.002959 0.012500
0 0.108974 0.529365 0.029586 0.046382
0 0.220414 0.380921 0.003945 0.012500
0 0.220540 0.484207 0.010355 0.048355
0 0.210182 0.434546 0.006657 0.006579
0 0.258852 0.499048 0.005806 0.014312
0 0.034827 0.407566 0.005424 0.020395
0 0.134027 0.429607 0.007093 0.026576
0 0.043886 0.423520 0.009862 0.016118
0 0.386218 0.586069 0.039201 0.050000
0 0.437130 0.436020 0.006903 0.009539
0 0.276609 0.364036 0.002453 0.008770
0 0.272436 0.421053 0.005424 0.009868
0 0.266590 0.408742 0.005187 0.004872
0 0.390134 0.430579 0.004544 0.005092
0 0.155449 0.379276 0.002712 0.009868
0 0.288831 0.363651 0.004191 0.007566
0 0.197239 0.390296 0.003452 0.009539
0 0.559665 0.438158 0.005424 0.007895
0 0.132150 0.480099 0.019724 0.049671
