0 0.315434 0.342928 0.002663 0.012829
0 0.097322 0.343625 0.010799 0.013947
0 0.033531 0.437664 0.022189 0.079276
0 0.218453 0.358997 0.003873 0.012204
0 0.602404 0.406146 0.005996 0.010385
0 0.575690 0.324342 0.001479 0.004605
0 0.287106 0.358882 0.006657 0.009868
0 0.398052 0.385362 0.003698 0.008224
0 0.320145 0.364391 0.005035 0.020362
0 0.187516 0.372493 0.009090 0.013039
0 0.374843 0.335156 0.002877 0.005411
0 0.308309 0.388816 0.005178 0.018421
0 0.492341 0.330138 0.001659 0.006237
0 0.626632 0.537204 0.032781 0.037566
0 0.417160 0.387007 0.003452 0.009539
0 0.416790 0.400822 0.007150 0.016776
0 0.246071 0.379763 0.005703 0.030263
0 0.614630 0.523641 0.021765 0.040178
0 0.486488 0.330150 0.003405 0.005957
0 0.331726 0.362640 0.002821 0.008865
0 0.373990 0.335533 0.003296 0.005276
0 0.471179 0.363816 0.003402 0.006579
0 0.444231 0.334572 0.003205 0.005132
0 0.490381 0.329648 0.001684 0.004783
0 0.562870 0.465132 0.020710 0.021711
0 0.468332 0.365329 0.001521 0.002520
0 0.428981 0.459752 0.017532 0.019589
0 0.475222 0.395306 0.004191 0.003947
0 0.673200 0.413931 0.009122 0.009539
0 0.213957 0.356888 0.004788 0.021408
0 0.257643 0.385362 0.010355 0.020066
0 0.302022 0.363158 0.004931 0.017763
0 0.397806 0.372039 0.006164 0.015789
0 0.429980 0.365461 0.003945 0.009211
0 0.582101 0.552796 0.040434 0.051645
0 0.494104 0.406237 0.002680 0.004224
0 0.316482 0.385362 0.007717 0.025987
0 0.481656 0.414924 0.005175 0.003572
0 0.337626 0.336222 0.002436 0.009747
0 0.305819 0.481020 0.029783 0.043882
0 0.122367 0.348768 0.009467 0.016477
0 0.488693 0.330627 0.001198 0.003714
0 0.487894 0.337878 0.001677 0.006020
0 0.189236 0.389502 0.006489 0.013957
0 0.274532 0.339309 0.005178 0.013487
0 0.331326 0.336911 0.001889 0.002842
0 0.460783 0.352903 0.002374 0.003332
0 0.331807 0.333648 0.003200 0.005993
0 0.474781 0.412990 0.004709 0.009868
0 0.220858 0.366875 0.008180 0.012474
0 0.677392 0.546217 0.030325 0.089803
0 0.413215 0.343520 0.002959 0.011382
0 0.328140 0.334510 0.003089 0.012428
0 0.694149 0.562936 0.024689 0.028898
0 0.243266 0.369005 0.003114 0.004359
0 0.240509 0.363469 0.007202 0.012266
0 0.324704 0.385033 0.006903 0.027303
0 0.243940 0.372039 0.010227 0.013059
0 0.594551 0.407895 0.004684 0.006579
0 0.197251 0.347023 0.005449 0.019704
0 0.455192 0.393582 0.004438 0.006250
0 0.282488 0.417970 0.012303 0.027586
0 0.606640 0.405192 0.007184 0.013497
0 0.334067 0.337275 0.002133 0.003082
0 0.347636 0.350408 0.004438 0.017434
0 0.463787 0.336495 0.001479 0.004681
0 0.218645 0.376253 0.004011 0.015454
0 0.204716 0.395171 0.009699 0.013342
0 0.201959 0.374033 0.006240 0.013816
0 0.211033 0.359309 0.004660 0.008618
0 0.307939 0.362993 0.003945 0.018750
0 0.499001 0.399294 0.005301 0.006089
0 0.374406 0.346337 0.003945 0.014168
0 0.504154 0.396826 0.006977 0.010954
0 0.463942 0.409043 0.002959 0.004934
0 0.708148 0.427253 0.006780 0.006579
0 0.435441 0.457911 0.023102 0.027599
0 0.471582 0.408470 0.003222 0.005592
0 0.001972 0.456250 0.003945 0.073026
0 0.323529 0.363135 0.004075 0.015441
0 0.378575 0.346204 0.003698 0.013579
0 0.343257 0.351191 0.004684 0.014395
