0 0.475597 0.708326 0.034482 0.079822
0 0.667279 0.521123 0.014825 0.025128
0 0.481010 0.706401 0.054529 0.065441
0 0.509573 0.264266 0.006183 0.024882
0 0.618993 0.526602 0.028449 0.029138
0 0.630960 0.277592 0.008015 0.030401
0 0.474644 0.266845 0.008987 0.015342
0 0.769461 0.499604 0.011620 0.020049
0 0.504500 0.263105 0.003575 0.025138
0 0.743142 0.278303 0.006926 0.014717
0 0.446677 0.815724 0.144546 0.042342
0 0.083216 0.604339 0.020639 0.020316
0 0.496095 0.264138 0.005508 0.024105
0 0.856318 0.547720 0.018232 0.052125
0 0.778178 0.508692 0.025044 0.019516
0 0.571853 0.295776 0.010949 0.018651
0 0.829857 0.259558 0.006933 0.014826
0 0.457641 0.845923 0.079921 0.040457
0 0.780817 0.298500 0.012078 0.026967
0 0.809917 0.787046 0.083957 0.055046
0 0.705647 0.492786 0.018232 0.016572
0 0.073252 0.285046 0.008368 0.014243
0 0.753802 0.278035 0.006844 0.014609
0 0.886271 0.536493 0.024845 0.060145
0 0.591585 0.272493 0.007456 0.025428
0 0.641468 0.275447 0.007128 0.032454
0 0.526884 0.813222 0.085690 0.077372
0 0.500153 0.264202 0.004734 0.025786
0 0.996409 0.311553 0.007182 0.053243
0 0.590700 0.262143 0.008200 0.012931
0 0.528569 0.643748 0.041546 0.122503
0 0.944647 0.316232 0.018200 0.048786
