0 0.252219 0.351842 0.004339 0.019342
0 0.205478 0.342530 0.005710 0.008230
0 0.464374 0.386020 0.009122 0.010197
0 0.469800 0.318618 0.002219 0.010921
0 0.235577 0.367928 0.005671 0.014145
0 0.218775 0.341653 0.006223 0.010174
0 0.442983 0.363980 0.004265 0.007566
0 0.208752 0.359868 0.003600 0.008553
0 0.484442 0.320393 0.003503 0.009536
0 0.267029 0.321612 0.003225 0.012099
0 0.308920 0.351888 0.006164 0.015632
0 0.222276 0.350822 0.007125 0.012829
0 0.421474 0.326679 0.002436 0.011128
0 0.321196 0.363812 0.003945 0.006908
0 0.260232 0.321875 0.003205 0.008882
0 0.344428 0.404276 0.010355 0.040789
0 0.267998 0.442928 0.011834 0.025987
0 0.207470 0.424178 0.012081 0.025987
0 0.454339 0.389737 0.005325 0.004474
0 0.238412 0.435016 0.012919 0.033191
0 0.345044 0.346217 0.006164 0.016776
0 0.275555 0.322252 0.001701 0.012273
0 0.232618 0.380263 0.007643 0.032237
0 0.247411 0.426974 0.010108 0.025658
0 0.214867 0.373454 0.012574 0.033092
0 0.177823 0.388947 0.010971 0.043026
0 0.722510 0.407273 0.004191 0.006908
0 0.257823 0.336505 0.005113 0.015411
0 0.199271 0.358498 0.014376 0.011359
0 0.642751 0.405503 0.006903 0.010855
0 0.320821 0.342100 0.002589 0.011523
0 0.183029 0.358720 0.005062 0.017625
0 0.113659 0.332237 0.010355 0.018421
0 0.181203 0.350929 0.004078 0.008201
0 0.246302 0.379605 0.007396 0.034868
0 0.238203 0.351168 0.004019 0.007599
0 0.229381 0.341829 0.003767 0.011928
0 0.253452 0.439803 0.012821 0.026974
0 0.216624 0.346155 0.004199 0.008888
0 0.267509 0.335482 0.005959 0.015615
0 0.417406 0.329934 0.002959 0.004605
0 0.296956 0.319316 0.002374 0.012513
0 0.187806 0.327724 0.006361 0.020197
0 0.184439 0.331518 0.005826 0.011766
0 0.213824 0.346097 0.003506 0.009707
0 0.218935 0.428618 0.013314 0.020395
0 0.440952 0.326974 0.003205 0.009211
0 0.496179 0.329441 0.003205 0.004276
0 0.391950 0.347944 0.002589 0.011020
0 0.551775 0.428161 0.004931 0.004605
0 0.584443 0.393750 0.008136 0.019737
0 0.627563 0.508985 0.016965 0.021174
0 0.273847 0.323072 0.002739 0.011289
0 0.240261 0.379770 0.008136 0.035855
0 0.226701 0.373520 0.007643 0.024671
0 0.332840 0.392434 0.008876 0.036184
0 0.320007 0.460066 0.035478 0.014868
0 0.338264 0.343668 0.006657 0.015625
0 0.250260 0.347031 0.002922 0.010155
0 0.299982 0.320199 0.001763 0.005391
0 0.667295 0.425253 0.005251 0.005217
0 0.467394 0.318171 0.002465 0.010197
0 0.327641 0.362661 0.009073 0.011184
0 0.330745 0.320230 0.003205 0.006250
0 0.197343 0.352587 0.005259 0.007484
0 0.263190 0.378947 0.013067 0.036184
0 0.193153 0.362942 0.009058 0.015562
0 0.233235 0.401645 0.023176 0.023026
0 0.189472 0.349342 0.004191 0.013816
