0 0.376652 0.533125 0.038856 0.046842
0 0.150025 0.403947 0.004191 0.011184
0 0.322485 0.363322 0.002959 0.004934
0 0.348743 0.362664 0.006164 0.006908
0 0.239152 0.503618 0.011341 0.023026
0 0.156065 0.393914 0.003945 0.008882
0 0.348474 0.564197 0.050404 0.009921
0 0.295118 0.370559 0.003452 0.005592
0 0.417666 0.356010 0.002364 0.003151
0 0.240409 0.486086 0.006854 0.031382
0 0.293269 0.361513 0.002219 0.008553
0 0.307322 0.371382 0.003698 0.005263
0 0.225222 0.503618 0.017998 0.030921
0 0.740261 0.532237 0.017012 0.066447
0 0.192924 0.383224 0.004191 0.010526
0 0.133983 0.372003 0.002650 0.009263
0 0.073102 0.386184 0.005178 0.014474
0 0.251356 0.356579 0.002712 0.013158
0 0.301116 0.364446 0.002192 0.004911
0 0.259739 0.388816 0.003698 0.009211
0 0.264546 0.387171 0.004931 0.009868
0 0.178929 0.493439 0.030796 0.039911
0 0.290557 0.362007 0.001726 0.008882
0 0.249630 0.390789 0.004191 0.012500
0 0.039015 0.447043 0.010476 0.015493
0 0.325814 0.349013 0.002712 0.007237
0 0.282791 0.405592 0.004931 0.007237
0 0.080621 0.427303 0.005424 0.029605
0 0.582470 0.442434 0.010602 0.013158
0 0.053994 0.394737 0.005917 0.009211
0 0.278846 0.601809 0.030572 0.046382
0 0.074827 0.426316 0.007150 0.029605
0 0.243097 0.389638 0.004438 0.013487
0 0.138655 0.374783 0.003163 0.012461
0 0.252835 0.397862 0.004684 0.008224
0 0.348250 0.538816 0.020957 0.076316
0 0.536859 0.508717 0.022436 0.068092
0 0.139793 0.427632 0.008383 0.015789
0 0.385626 0.533651 0.028797 0.052829
0 0.122167 0.395888 0.004684 0.025329
0 0.241868 0.360336 0.002853 0.005382
0 0.303748 0.371875 0.002959 0.004276
0 0.022687 0.412367 0.006282 0.015714
0 0.141642 0.398849 0.006164 0.018092
0 0.306988 0.354447 0.002192 0.006197
0 0.193910 0.404441 0.005671 0.012829
0 0.070064 0.487798 0.007194 0.009095
0 0.271561 0.374867 0.001893 0.006569
0 0.520957 0.510855 0.017751 0.064474
0 0.198841 0.411842 0.004684 0.015132
0 0.174063 0.416283 0.005424 0.014803
0 0.216469 0.392599 0.003452 0.004934
0 0.229783 0.395888 0.004438 0.011513
0 0.363217 0.363336 0.001928 0.005263
0 0.023049 0.455127 0.010856 0.015155
0 0.083703 0.400329 0.006657 0.021711
0 0.116494 0.491776 0.016519 0.028289
0 0.512697 0.603783 0.038708 0.012171
0 0.604660 0.439967 0.006164 0.009539
0 0.203214 0.383539 0.002779 0.008421
0 0.265039 0.397533 0.004931 0.009539
0 0.238782 0.382401 0.004684 0.006908
0 0.600468 0.442105 0.007643 0.009868
0 0.115261 0.386036 0.003698 0.015428
0 0.144970 0.413322 0.004931 0.023355
0 0.060651 0.449342 0.004931 0.007237
0 0.366741 0.367928 0.003698 0.007566
0 0.584056 0.441908 0.013126 0.007914
0 0.136464 0.399836 0.005178 0.020066
0 0.248891 0.501151 0.006657 0.012171
0 0.363017 0.385352 0.002000 0.003151
0 0.089965 0.506891 0.042456 0.037533
0 0.298570 0.404934 0.003945 0.004605
0 0.154709 0.406414 0.004191 0.017434
0 0.223471 0.359373 0.003407 0.012628
0 0.243590 0.382730 0.003452 0.006250
0 0.213634 0.418914 0.003205 0.004276
0 0.079841 0.469084 0.006980 0.029681
0 0.355811 0.369650 0.001839 0.002924
0 0.321056 0.371229 0.002453 0.003273
0 0.439842 0.421053 0.003452 0.005921
0 0.319479 0.360762 0.001753 0.006668
0 0.280079 0.362171 0.002465 0.009211
0 0.182321 0.503923 0.039993 0.022418
0 0.186884 0.409375 0.003452 0.005592
0 0.230523 0.382237 0.003452 0.006579
0 0.076183 0.396053 0.006903 0.011184
0 0.622300 0.550132 0.029117 0.025921
0 0.022543 0.492181 0.041945 0.016296
0 0.034786 0.440393 0.007825 0.019030
0 0.319403 0.350987 0.002712 0.007237
0 0.330868 0.350493 0.002465 0.003618
0 0.317113 0.361990 0.003156 0.005612
0 0.387944 0.422533 0.010108 0.016118
0 0.154216 0.510855 0.038708 0.037500
0 0.161859 0.412171 0.004191 0.013816
0 0.256410 0.388980 0.003452 0.009539
0 0.598373 0.550822 0.020217 0.034539
0 0.275888 0.372039 0.002465 0.007237
0 0.105153 0.410855 0.005671 0.017763
0 0.382396 0.494737 0.010355 0.047368
0 0.253945 0.356414 0.002959 0.013487
0 0.592949 0.442599 0.005424 0.010855
