0 0.671967 0.459211 0.012081 0.017105
0 0.232249 0.375493 0.005424 0.006250
0 0.189300 0.387171 0.004832 0.005921
0 0.169995 0.406908 0.006164 0.012500
0 0.338338 0.582664 0.077564 0.020197
0 0.113412 0.404605 0.005917 0.019737
0 0.261958 0.406086 0.004191 0.010855
0 0.085429 0.405592 0.004684 0.021053
0 0.155116 0.416562 0.006336 0.011612
0 0.344551 0.395724 0.005671 0.010526
0 0.348743 0.535526 0.015039 0.048026
0 0.400518 0.360526 0.002219 0.003947
0 0.120069 0.403947 0.004931 0.017105
0 0.362673 0.363158 0.004438 0.006579
0 0.069908 0.447895 0.012004 0.013487
0 0.300666 0.418750 0.005178 0.011184
0 0.330375 0.417599 0.005424 0.008224
0 0.699704 0.517434 0.013314 0.055921
0 0.193540 0.427632 0.004438 0.008553
0 0.006174 0.416349 0.009162 0.017112
0 0.384332 0.538421 0.028674 0.040921
0 0.356755 0.367434 0.003452 0.005263
0 0.148989 0.378865 0.003107 0.010691
0 0.306460 0.479770 0.009369 0.033224
0 0.284640 0.399836 0.004684 0.006250
0 0.317678 0.418586 0.005671 0.008224
0 0.125616 0.403125 0.005671 0.017434
0 0.274655 0.406250 0.005917 0.008553
0 0.065582 0.458388 0.011834 0.023355
0 0.312993 0.407730 0.005671 0.006250
0 0.318540 0.372862 0.001972 0.002961
0 0.569157 0.605592 0.021450 0.057895
0 0.421844 0.418421 0.007890 0.011842
0 0.297461 0.410033 0.005671 0.008224
0 0.404832 0.382895 0.003452 0.004605
0 0.256903 0.421217 0.005424 0.019408
0 0.041350 0.441002 0.009421 0.022701
0 0.363042 0.423520 0.005178 0.009539
0 0.200108 0.520021 0.011361 0.010457
0 0.350468 0.422204 0.007643 0.012171
0 0.181558 0.491289 0.015779 0.045724
0 0.187361 0.457461 0.012118 0.015342
0 0.600971 0.549637 0.014132 0.019674
0 0.133136 0.393092 0.004931 0.015132
0 0.143245 0.471217 0.011834 0.050987
0 0.080012 0.510345 0.033777 0.042105
0 0.258136 0.406414 0.005424 0.010197
0 0.430966 0.514803 0.013807 0.055921
0 0.229783 0.477467 0.021203 0.050329
0 0.357964 0.541086 0.015779 0.037434
0 0.190212 0.430263 0.003698 0.005921
0 0.171869 0.497632 0.035503 0.027368
0 0.263683 0.388322 0.002712 0.004276
0 0.154480 0.455531 0.018555 0.018187
0 0.408531 0.383224 0.003452 0.004605
0 0.703895 0.412171 0.009369 0.019737
0 0.330251 0.393750 0.002219 0.004605
0 0.046584 0.423891 0.007853 0.012921
0 0.103180 0.384868 0.004191 0.015132
0 0.927712 0.607007 0.035404 0.080461
0 0.300173 0.368750 0.002712 0.006579
0 0.188113 0.475464 0.010313 0.037033
0 0.237919 0.393092 0.004438 0.011184
0 0.132150 0.406743 0.004931 0.019408
0 0.196992 0.384688 0.002959 0.009572
0 0.206114 0.385855 0.002465 0.007895
0 0.250986 0.399507 0.003452 0.005592
0 0.523041 0.432834 0.003785 0.004444
0 0.950444 0.456908 0.010848 0.013816
0 0.445747 0.506497 0.016248 0.032730
0 0.393762 0.441776 0.006854 0.016447
0 0.602071 0.609375 0.059172 0.059539
0 0.176750 0.462500 0.010897 0.032895
0 0.180159 0.473465 0.010589 0.024451
0 0.215865 0.397533 0.004216 0.014145
0 0.359322 0.582322 0.057051 0.012125
0 0.097140 0.443257 0.008383 0.024013
0 0.024421 0.464747 0.028136 0.016296
0 0.062623 0.443750 0.005917 0.013816
0 0.926652 0.550493 0.018491 0.077961
0 0.023168 0.491799 0.045577 0.026007
0 0.445390 0.489967 0.014053 0.039145
0 0.197359 0.519332 0.026721 0.010309
0 0.335306 0.351809 0.002959 0.006250
0 0.051405 0.490789 0.024408 0.007895
0 0.241013 0.373684 0.003230 0.013158
0 0.280942 0.462171 0.011588 0.015132
0 0.378082 0.421875 0.005178 0.011513
0 0.017223 0.474495 0.008070 0.025898
0 0.290557 0.413487 0.005671 0.010526
0 0.516026 0.423191 0.009862 0.020066
0 0.480893 0.435362 0.006164 0.008882
0 0.509615 0.370066 0.003945 0.006579
0 0.487056 0.432237 0.004191 0.007895
0 0.257150 0.398520 0.003945 0.007566
0 0.350222 0.396053 0.005178 0.009868
0 0.309911 0.365954 0.002959 0.007566
0 0.295735 0.411184 0.004684 0.009211
0 0.403766 0.421796 0.006940 0.008000
0 0.266395 0.364474 0.004684 0.010526
0 0.200466 0.393385 0.005178 0.004605
0 0.334073 0.364474 0.002959 0.005921
0 0.883691 0.582681 0.034393 0.057007
0 0.313979 0.368421 0.002712 0.009211
0 0.405251 0.543421 0.034172 0.034868
0 0.072239 0.420395 0.008383 0.028289
0 0.218356 0.532895 0.021031 0.071711
0 0.164263 0.491569 0.023728 0.020882
0 0.372165 0.423355 0.007643 0.008553
0 0.324334 0.418586 0.004684 0.007566
0 0.110653 0.462970 0.012081 0.020395
0 0.083087 0.422039 0.005424 0.026316
0 0.775764 0.390789 0.006657 0.023684
