0 0.550839 0.429913 0.003617 0.004641
0 0.216951 0.384895 0.003617 0.006309
0 0.429929 0.422115 0.003619 0.005757
0 0.038507 0.475673 0.007931 0.024503
0 0.076005 0.375985 0.003898 0.014109
0 0.214230 0.518074 0.019475 0.083405
0 0.086510 0.378582 0.004312 0.015592
0 0.209719 0.361505 0.004181 0.007424
0 0.038160 0.452281 0.013913 0.021161
0 0.080526 0.377285 0.004593 0.014852
0 0.257996 0.357327 0.004453 0.010951
0 0.119972 0.382110 0.004731 0.014852
0 0.072526 0.377840 0.005007 0.014477
0 0.085466 0.431212 0.008348 0.023576
0 0.260014 0.356863 0.002922 0.009280
0 0.324587 0.419434 0.005530 0.011230
0 0.201607 0.442531 0.018274 0.027266
0 0.241356 0.417308 0.006538 0.009280
0 0.131868 0.402067 0.005427 0.009095
0 0.226974 0.445900 0.019475 0.021812
0 0.091240 0.378306 0.004591 0.015408
0 0.067934 0.378862 0.005010 0.014296
0 0.056874 0.374870 0.004591 0.014852
0 0.114476 0.391113 0.005703 0.019122
0 0.244884 0.385592 0.004808 0.010908
0 0.098475 0.378490 0.002922 0.014664
0 0.031063 0.466390 0.008905 0.015595
0 0.047968 0.479105 0.014053 0.035086
0 0.354040 0.570523 0.050007 0.150447
0 0.230517 0.387030 0.005984 0.010954
0 0.946338 0.450069 0.017069 0.021816
0 0.169149 0.449908 0.012022 0.042664
0 0.065014 0.427313 0.011132 0.036941
0 0.105710 0.394178 0.003200 0.011138
0 0.439946 0.425551 0.009739 0.008168
0 0.189586 0.536199 0.039911 0.038812
0 0.102231 0.380439 0.005705 0.006681
0 0.178270 0.364567 0.006122 0.005753
0 0.180218 0.363732 0.005565 0.005201
0 0.317615 0.412058 0.005047 0.008661
0 0.187453 0.362433 0.003895 0.010766
