0 0.484845 0.695842 0.058831 0.300658
0 0.165627 0.331113 0.003711 0.006806
0 0.139250 0.331112 0.004058 0.010520
0 0.287547 0.436694 0.020523 0.036974
0 0.212877 0.361123 0.005217 0.018563
0 0.367179 0.319939 0.003190 0.011332
0 0.444778 0.308350 0.001208 0.004727
0 0.464654 0.669235 0.091235 0.271391
0 0.354472 0.657928 0.051351 0.284697
0 0.215544 0.405910 0.009159 0.021194
0 0.402584 0.688857 0.056834 0.290681
0 0.471568 0.378577 0.009034 0.015214
0 0.220297 0.397632 0.005219 0.010829
0 0.242792 0.394308 0.016117 0.019339
0 0.278818 0.312469 0.003479 0.008766
0 0.415308 0.311252 0.003945 0.012464
0 0.376409 0.572452 0.022433 0.040576
0 0.341817 0.317303 0.004058 0.010184
0 0.224587 0.365301 0.008232 0.031556
0 0.759767 0.398020 0.006817 0.007053
0 0.343555 0.319429 0.002707 0.005674
0 0.308824 0.445582 0.017855 0.017342
0 0.276838 0.312725 0.005121 0.007734
0 0.058907 0.383931 0.024194 0.063934
0 0.288718 0.320842 0.006677 0.006717
0 0.424544 0.384988 0.007653 0.013181
0 0.727348 0.406743 0.008489 0.011138
0 0.423597 0.314957 0.004581 0.006553
0 0.231659 0.415113 0.020754 0.035582
0 0.752462 0.434581 0.018923 0.008148
0 0.270213 0.380617 0.010668 0.029082
0 0.737436 0.400990 0.006400 0.009651
0 0.142147 0.332349 0.004290 0.010520
0 0.204644 0.374041 0.016580 0.022740
0 0.283262 0.320132 0.004832 0.007592
0 0.416358 0.452666 0.033659 0.079234
0 0.417684 0.312273 0.002093 0.004836
0 0.167135 0.336681 0.004640 0.012375
