0 0.194750 0.355354 0.006763 0.013214
0 0.256657 0.348520 0.005424 0.020724
0 0.906106 0.534781 0.020639 0.030207
0 0.335429 0.369161 0.002416 0.014967
0 0.237907 0.423194 0.025444 0.012250
0 0.475641 0.316086 0.004043 0.009145
0 0.284147 0.348191 0.006164 0.024013
0 0.520833 0.304276 0.001726 0.005921
0 0.106037 0.328209 0.009953 0.017793
0 0.252723 0.355245 0.009179 0.012141
0 0.241000 0.426612 0.023622 0.024211
0 0.310552 0.438980 0.019428 0.040461
0 0.458703 0.357895 0.005178 0.014474
0 0.362784 0.357878 0.003723 0.003980
0 0.327293 0.364507 0.005178 0.024934
0 0.318540 0.398717 0.015779 0.041382
0 0.179246 0.340839 0.005424 0.010197
0 0.193799 0.386842 0.008407 0.044737
0 0.251972 0.368750 0.016765 0.034868
0 0.239236 0.328010 0.003624 0.016974
0 0.236997 0.374495 0.007051 0.019431
0 0.219317 0.395082 0.021474 0.021086
0 0.339525 0.320201 0.002522 0.007836
0 0.349112 0.409704 0.013314 0.017434
0 0.401997 0.414309 0.006657 0.009539
0 0.510429 0.319095 0.002318 0.003980
0 0.521672 0.327878 0.002179 0.004178
0 0.191697 0.341719 0.009307 0.013964
0 0.449502 0.316268 0.003555 0.005102
0 0.430464 0.312398 0.001548 0.006257
0 0.186884 0.354112 0.007890 0.010855
0 0.454030 0.320967 0.001610 0.005908
0 0.451850 0.316536 0.004495 0.005105
0 0.439596 0.311842 0.001972 0.008553
0 0.452293 0.362171 0.003205 0.005921
0 0.182150 0.390905 0.008679 0.012730
0 0.424671 0.309464 0.002355 0.007967
0 0.505651 0.328140 0.003131 0.003655
0 0.498644 0.327586 0.002712 0.004276
0 0.467359 0.375408 0.006903 0.012171
