0 0.269026 0.374247 0.011159 0.014533
0 0.323420 0.349174 0.003698 0.019079
0 0.387574 0.454868 0.011834 0.052105
0 0.921598 0.523684 0.022189 0.072368
0 0.880794 0.516447 0.025394 0.078289
0 0.477636 0.330066 0.002263 0.004191
0 0.775494 0.431329 0.006852 0.008395
0 0.405450 0.326313 0.002271 0.011717
0 0.408653 0.327942 0.001926 0.008391
0 0.314846 0.347086 0.005875 0.018000
0 0.201961 0.353354 0.003681 0.015016
0 0.425296 0.464638 0.016765 0.041776
0 0.618442 0.405181 0.013609 0.009046
0 0.268984 0.354770 0.006410 0.015461
0 0.600219 0.397711 0.006410 0.009539
0 0.466609 0.360064 0.002399 0.003030
0 0.230498 0.434819 0.012771 0.026875
0 0.436945 0.317188 0.004561 0.005428
0 0.256718 0.370230 0.011464 0.020066
0 0.920809 0.443010 0.007495 0.014638
0 0.338757 0.395724 0.005917 0.034868
0 0.469847 0.313207 0.002120 0.007993
0 0.459986 0.384391 0.003553 0.016118
0 0.212039 0.357137 0.003960 0.008812
0 0.199538 0.374806 0.014608 0.017382
0 0.516335 0.362340 0.003084 0.004609
0 0.328649 0.458059 0.013807 0.020724
0 0.321203 0.378783 0.004832 0.035197
0 0.479475 0.386674 0.003082 0.004605
0 0.207976 0.346299 0.005991 0.012993
0 0.229980 0.343498 0.005868 0.011931
0 0.185071 0.354671 0.008703 0.012632
0 0.513247 0.322161 0.002007 0.003046
0 0.201594 0.360160 0.010096 0.009826
0 0.726573 0.434378 0.003945 0.007895
0 0.654339 0.359375 0.004931 0.006908
0 0.349606 0.432664 0.015286 0.055724
0 0.282668 0.319737 0.003698 0.012500
0 0.464477 0.382730 0.003639 0.017434
0 0.481509 0.325822 0.004438 0.006250
0 0.306864 0.350837 0.004931 0.013852
0 0.188609 0.332566 0.004931 0.012500
0 0.299975 0.420724 0.017604 0.052632
0 0.462032 0.346053 0.003452 0.005263
0 0.510281 0.322342 0.001642 0.003033
0 0.183185 0.329112 0.003452 0.013487
0 0.466469 0.440461 0.010355 0.038158
0 0.474112 0.438158 0.008383 0.042763
0 0.251726 0.357237 0.002959 0.009211
0 0.818047 0.485789 0.020710 0.060066
0 0.248767 0.442928 0.019724 0.024671
0 0.518614 0.385033 0.010602 0.013487
0 0.214011 0.369750 0.011031 0.024658
0 0.313576 0.342827 0.002202 0.010727
0 0.489472 0.322368 0.002416 0.008553
0 0.491979 0.310809 0.002399 0.007921
0 0.502589 0.467599 0.033777 0.049013
0 0.046351 0.453289 0.028107 0.048684
0 0.413092 0.422368 0.013560 0.043421
0 0.497154 0.313748 0.001891 0.003359
0 0.332496 0.314732 0.002542 0.005615
0 0.217717 0.428951 0.010577 0.020658
0 0.209687 0.359516 0.006060 0.009362
0 0.659024 0.360362 0.002959 0.005592
0 0.504601 0.322426 0.001391 0.002865
0 0.999091 0.489811 0.001817 0.014332
0 0.331621 0.319355 0.004016 0.009776
0 0.482618 0.432401 0.012574 0.049013
0 0.207221 0.370615 0.008521 0.009401
0 0.314214 0.456086 0.016050 0.016118
0 0.478291 0.313980 0.002490 0.009539
0 0.192286 0.354686 0.005153 0.016563
0 0.137130 0.394309 0.014398 0.041908
0 0.854228 0.436513 0.007766 0.024342
0 0.335552 0.342763 0.003452 0.015789
0 0.900148 0.525164 0.019231 0.073355
0 0.226262 0.385148 0.008136 0.010855
0 0.564116 0.382426 0.013928 0.007582
0 0.447732 0.354786 0.006410 0.009572
0 0.091593 0.407401 0.017505 0.046382
0 0.343072 0.394737 0.006164 0.036184
0 0.857946 0.443676 0.009354 0.008253
0 0.402737 0.427632 0.009615 0.031579
0 0.778560 0.427171 0.006815 0.012967
0 0.499614 0.311900 0.002019 0.008082
