0 0.259899 0.386706 0.007954 0.009760
0 0.322966 0.444985 0.023698 0.040457
0 0.475413 0.309309 0.002576 0.005566
0 0.280874 0.427638 0.006245 0.008678
0 0.500047 0.302056 0.002727 0.003750
0 0.380201 0.316143 0.003494 0.006253
0 0.335461 0.335801 0.004191 0.016510
0 0.449226 0.306253 0.003254 0.007263
0 0.674112 0.516579 0.010552 0.016250
0 0.562479 0.475936 0.022739 0.098523
0 0.656044 0.382102 0.002641 0.004434
0 0.515074 0.482938 0.045799 0.031533
0 0.302735 0.326387 0.002147 0.011595
0 0.478358 0.307457 0.001109 0.003408
0 0.657196 0.392734 0.008523 0.007961
0 0.653748 0.523865 0.020513 0.042401
0 0.863301 0.586135 0.040212 0.037270
0 0.527531 0.317008 0.001447 0.002503
0 0.461059 0.319283 0.002641 0.009553
0 0.354892 0.328365 0.003373 0.008461
0 0.513129 0.324796 0.002811 0.006026
0 0.463713 0.339803 0.002249 0.003553
0 0.555057 0.306604 0.000937 0.003069
0 0.278824 0.394949 0.007032 0.019234
0 0.476483 0.344923 0.003153 0.004661
0 0.660700 0.513942 0.010897 0.030845
0 0.358420 0.328979 0.003476 0.015148
0 0.182267 0.315566 0.003577 0.010368
0 0.427551 0.361043 0.002251 0.002868
0 0.497567 0.478569 0.019660 0.034770
0 0.451644 0.337237 0.003190 0.003158
0 0.169995 0.466283 0.034763 0.122039
0 0.673556 0.383013 0.002897 0.004434
0 0.261461 0.358992 0.012927 0.012885
0 0.251268 0.337438 0.002823 0.008678
0 0.261425 0.403857 0.009019 0.031365
0 0.459985 0.335026 0.002485 0.003632
0 0.443770 0.334750 0.002840 0.006395
0 0.532857 0.374087 0.008521 0.013418
0 0.955782 0.639671 0.044206 0.049079
0 0.425864 0.441599 0.023725 0.042842
0 0.284968 0.403240 0.013067 0.033921
0 0.604448 0.508441 0.048008 0.023776
0 0.434094 0.346238 0.003849 0.010266
0 0.553481 0.307344 0.000853 0.002273
0 0.549858 0.382215 0.007073 0.014668
0 0.445012 0.342252 0.004734 0.009714
0 0.394731 0.336012 0.002944 0.006878
0 0.402322 0.481720 0.033180 0.040809
0 0.559915 0.404048 0.007073 0.026720
0 0.422939 0.336763 0.003195 0.005211
0 0.720773 0.540273 0.025180 0.058342
0 0.504564 0.326217 0.003407 0.005230
0 0.279162 0.444339 0.020986 0.039789
0 0.403762 0.327250 0.002012 0.006711
0 0.694778 0.391882 0.003067 0.003750
0 0.457322 0.335539 0.004142 0.007342
0 0.627922 0.381706 0.004177 0.007049
0 0.331677 0.330821 0.003171 0.014734
0 0.703686 0.596359 0.020597 0.080572
0 0.549731 0.317975 0.001706 0.002161
0 0.392728 0.317168 0.004006 0.014211
0 0.742356 0.389653 0.006220 0.006484
0 0.489181 0.310641 0.002643 0.005914
0 0.250653 0.335309 0.004295 0.009658
0 0.630137 0.389891 0.005540 0.011599
0 0.456585 0.319908 0.002387 0.006026
0 0.436389 0.312747 0.005032 0.005566
0 0.487221 0.310130 0.002130 0.006253
0 0.378476 0.411360 0.011341 0.050503
0 0.217088 0.344970 0.007160 0.025243
0 0.346301 0.369094 0.007670 0.010780
0 0.987888 0.628785 0.024223 0.049602
0 0.227266 0.384859 0.014699 0.018763
0 0.556081 0.402115 0.005880 0.028086
0 0.219236 0.355817 0.005113 0.015556
0 0.502477 0.316895 0.001620 0.003868
0 0.459567 0.343898 0.004943 0.009211
0 0.058321 0.380918 0.016021 0.073678
0 0.357242 0.311855 0.002557 0.013099
0 0.568097 0.394895 0.008950 0.022743
0 0.389405 0.317054 0.003494 0.011030
0 0.185745 0.315908 0.003782 0.010507
0 0.374746 0.316263 0.001617 0.008993
0 0.230129 0.425339 0.034130 0.025724
0 0.143764 0.328255 0.004500 0.014464
0 0.441344 0.335263 0.002604 0.006000
0 0.603416 0.504905 0.052424 0.023382
0 0.502433 0.301658 0.002046 0.006822
0 0.499238 0.317748 0.002130 0.003069
0 0.465362 0.324740 0.002727 0.007507
0 0.243351 0.354206 0.008950 0.019234
0 0.411239 0.394117 0.005318 0.025378
0 0.469154 0.319908 0.004004 0.008526
0 0.479893 0.308424 0.001447 0.006026
0 0.271759 0.398929 0.009090 0.026812
0 0.335256 0.326931 0.003580 0.009414
0 0.319304 0.349923 0.006442 0.022924
0 0.508484 0.316099 0.002387 0.005461
0 0.205938 0.359980 0.010643 0.004500
0 0.497661 0.346913 0.002216 0.004549
0 0.497320 0.324058 0.003067 0.006595
0 0.430504 0.309717 0.003301 0.009987
0 0.362758 0.471474 0.029243 0.046829
0 0.195971 0.335350 0.006647 0.023470
0 0.676113 0.381985 0.003750 0.003536
0 0.153940 0.333030 0.006036 0.019921
0 0.365221 0.351697 0.004603 0.007368
0 0.387571 0.318304 0.004260 0.009438
0 0.189682 0.334942 0.006953 0.024286
0 0.465933 0.343436 0.004559 0.008924
0 0.447676 0.335618 0.003671 0.008447
0 0.233907 0.372161 0.010510 0.017434
0 0.504990 0.346344 0.003407 0.005003
0 0.378771 0.351355 0.002251 0.003138
0 0.512319 0.377214 0.008183 0.018079
0 0.254336 0.336701 0.003070 0.005895
0 0.497405 0.302112 0.002384 0.003638
0 0.382759 0.467183 0.014009 0.027155
0 0.328918 0.429676 0.021366 0.027523
0 0.483983 0.343729 0.004006 0.006595
0 0.354686 0.315470 0.002557 0.005322
0 0.397689 0.355107 0.006137 0.015826
0 0.259857 0.316316 0.003067 0.007368
0 0.199089 0.355271 0.004500 0.008457
0 0.467887 0.342410 0.002189 0.004819
0 0.554205 0.306605 0.000767 0.001704
0 0.230037 0.336373 0.005523 0.020628
0 0.286917 0.325895 0.005155 0.014737
0 0.839744 0.445066 0.018245 0.036842
0 0.529618 0.315530 0.001193 0.002046
0 0.523227 0.305411 0.001706 0.006138
0 0.517772 0.317293 0.002897 0.003296
0 0.267216 0.318421 0.003180 0.012026
0 0.512915 0.316837 0.002216 0.004207
0 0.240794 0.400635 0.007530 0.026625
0 0.206484 0.463816 0.032298 0.125000
0 0.384599 0.355586 0.002660 0.003684
0 0.372020 0.351561 0.002251 0.003819
0 0.718127 0.388128 0.006477 0.007618
0 0.582115 0.379148 0.005113 0.007618
0 0.992011 0.457454 0.015979 0.011954
0 0.458757 0.318891 0.001963 0.009454
0 0.463104 0.344013 0.002470 0.006026
0 0.479253 0.341058 0.002899 0.003753
0 0.347700 0.419199 0.013008 0.046516
0 0.205533 0.329484 0.004295 0.010368
