0 0.021080 0.757566 0.039694 0.049342
0 0.957594 0.260197 0.004931 0.020395
0 0.883629 0.253783 0.003452 0.020066
0 0.168146 0.757237 0.032051 0.094079
0 0.539324 0.265296 0.005178 0.023355
0 0.167283 0.248684 0.004191 0.008553
0 0.923570 0.301151 0.010355 0.042434
0 0.723866 0.282566 0.009369 0.032237
0 0.114522 0.771875 0.026381 0.035197
0 0.476085 0.267763 0.011341 0.015789
0 0.808925 0.286513 0.010355 0.037500
0 0.887327 0.257730 0.005424 0.022697
0 0.397682 0.724178 0.035010 0.058882
0 0.852564 0.256250 0.004931 0.023684
0 0.615886 0.533215 0.012838 0.018470
0 0.601573 0.523372 0.017258 0.062500
0 0.962032 0.259539 0.004931 0.021053
0 0.881164 0.255099 0.004438 0.017434
0 0.487056 0.267434 0.007150 0.015132
0 0.848250 0.256579 0.005671 0.023026
0 0.511958 0.265296 0.005671 0.019408
0 0.542899 0.417105 0.006410 0.009868
0 0.866248 0.257730 0.005671 0.018092
0 0.325690 0.692928 0.014793 0.023355
0 0.369206 0.692928 0.030325 0.105592
0 0.804487 0.256414 0.004931 0.022697
0 0.504684 0.269737 0.009369 0.013816
0 0.801159 0.287829 0.007643 0.034211
0 0.871918 0.256086 0.004191 0.009539
0 0.151750 0.766118 0.045611 0.086184
0 0.952786 0.260033 0.005178 0.020724
0 0.875986 0.254276 0.003945 0.017105
0 0.250493 0.715625 0.054241 0.058224
0 0.517135 0.263322 0.006657 0.024013
0 0.809418 0.257566 0.004931 0.018421
0 0.712648 0.279770 0.009122 0.039145
0 0.313609 0.720066 0.038955 0.077632
0 0.076553 0.773026 0.059418 0.076974
0 0.821252 0.287829 0.008383 0.037500
