0 0.441938 0.360345 0.007643 0.005625
0 0.482372 0.323684 0.002219 0.008553
0 0.223989 0.342599 0.006657 0.012829
0 0.620192 0.368750 0.003205 0.003947
0 0.270937 0.342507 0.002717 0.003862
0 0.452293 0.348684 0.004684 0.009868
0 0.478550 0.326645 0.001972 0.003947
0 0.403600 0.373355 0.008383 0.016447
0 0.470032 0.370954 0.005153 0.019934
0 0.458580 0.317434 0.002465 0.006579
0 0.492011 0.317510 0.001674 0.003382
0 0.207347 0.429128 0.033531 0.012138
0 0.466875 0.348622 0.002848 0.005849
0 0.343076 0.339472 0.004031 0.017089
0 0.443787 0.331908 0.002959 0.005921
0 0.430350 0.363487 0.006164 0.017763
0 0.237131 0.428169 0.010555 0.018905
0 0.268527 0.341921 0.002103 0.004796
0 0.494206 0.367270 0.003698 0.010855
0 0.166420 0.355921 0.007396 0.007895
0 0.226578 0.367928 0.006410 0.022697
0 0.025518 0.561513 0.032298 0.105263
0 0.408284 0.345888 0.009862 0.008224
0 0.498891 0.364638 0.003205 0.006250
0 0.333211 0.474442 0.049376 0.020411
0 0.015348 0.386760 0.017382 0.071875
0 0.206964 0.420780 0.018863 0.028572
0 0.396820 0.439967 0.012081 0.066118
0 0.505054 0.367763 0.004684 0.008553
0 0.310158 0.322039 0.003452 0.011184
0 0.551898 0.369079 0.007150 0.007237
0 0.476040 0.364474 0.004438 0.011184
0 0.494946 0.346875 0.002219 0.004276
0 0.277897 0.382895 0.010429 0.030263
0 0.794255 0.510362 0.021450 0.026645
0 0.832276 0.540350 0.012618 0.012326
0 0.460182 0.358224 0.005178 0.007895
0 0.785256 0.577303 0.069034 0.060526
0 0.278575 0.415493 0.020168 0.027039
0 0.554387 0.313750 0.003242 0.003039
0 0.001996 0.396127 0.003992 0.038359
0 0.227811 0.408882 0.006410 0.013816
0 0.701134 0.334734 0.002120 0.002632
0 0.423878 0.359984 0.006040 0.019967
0 0.329265 0.317270 0.003205 0.007566
0 0.864892 0.471546 0.011834 0.052303
0 0.241248 0.412664 0.010108 0.016118
0 0.626603 0.334632 0.002712 0.006579
0 0.452293 0.316283 0.003205 0.006908
0 0.696028 0.334637 0.002850 0.003023
0 0.804734 0.523684 0.013314 0.021711
0 0.237549 0.321217 0.004191 0.012829
0 0.468319 0.357566 0.004191 0.008553
0 0.410133 0.335855 0.002712 0.008553
0 0.589497 0.853618 0.107495 0.287500
0 0.531065 0.520559 0.032051 0.018092
0 0.331880 0.449041 0.017502 0.030865
0 0.485330 0.346053 0.003205 0.005263
0 0.522394 0.323398 0.002717 0.003625
0 0.309698 0.394454 0.012458 0.033882
0 0.481755 0.360526 0.002959 0.005263
0 0.276208 0.445888 0.037327 0.045066
0 0.656435 0.414145 0.006164 0.013816
0 0.291667 0.395395 0.007396 0.044737
0 0.193829 0.334298 0.008590 0.012747
0 0.847167 0.557281 0.038999 0.037016
0 0.362426 0.322368 0.002959 0.007237
0 0.698718 0.564803 0.028600 0.025658
0 0.490015 0.326480 0.001726 0.003618
0 0.435467 0.343602 0.002266 0.002434
0 0.740261 0.847533 0.109221 0.301645
0 0.263720 0.385033 0.005104 0.010197
0 0.206661 0.371355 0.004840 0.021197
0 0.373644 0.314803 0.003205 0.012500
0 0.392998 0.347533 0.002465 0.004934
0 0.391975 0.342196 0.002904 0.009431
0 0.326307 0.348026 0.005671 0.019737
0 0.319773 0.332895 0.005917 0.006579
0 0.813363 0.436184 0.008383 0.021711
0 0.482002 0.305921 0.002465 0.004605
0 0.185404 0.395724 0.011341 0.026316
0 0.211986 0.388709 0.009845 0.010944
0 0.443047 0.315789 0.002465 0.005263
0 0.210602 0.389194 0.015187 0.017862
0 0.401381 0.361842 0.004931 0.015789
0 0.450690 0.360197 0.003452 0.004605
0 0.639793 0.412007 0.017258 0.021382
0 0.421191 0.444572 0.014620 0.063487
0 0.344593 0.359140 0.007510 0.023497
0 0.377589 0.337829 0.003205 0.013158
0 0.990138 0.517270 0.011834 0.068750
0 0.819773 0.531743 0.019724 0.035197
0 0.255178 0.357237 0.004438 0.010526
0 0.755671 0.492928 0.012821 0.047039
0 0.431460 0.341447 0.004438 0.012500
0 0.274920 0.355372 0.011053 0.003625
0 0.422547 0.366299 0.006336 0.009309
0 0.275641 0.339638 0.006410 0.006908
0 0.229455 0.316694 0.005705 0.008191
0 0.350308 0.440296 0.017678 0.039145
0 0.315582 0.351480 0.003452 0.018750
0 0.958950 0.652961 0.082101 0.062500
0 0.821992 0.497862 0.023669 0.056250
0 0.388807 0.342270 0.002959 0.010855
0 0.520217 0.328618 0.002465 0.004605
0 0.347896 0.364620 0.005609 0.015438
0 0.955251 0.451809 0.010602 0.035855
0 0.493000 0.327324 0.003348 0.004194
0 0.469267 0.347783 0.003331 0.007526
0 0.468072 0.317105 0.002712 0.008553
0 0.472387 0.357730 0.003452 0.008224
0 0.662968 0.414803 0.006903 0.012500
0 0.407563 0.367457 0.003533 0.004717
0 0.512574 0.376809 0.004438 0.008882
0 0.567678 0.345230 0.002219 0.003618
0 0.505054 0.328783 0.002219 0.004934
0 0.483605 0.367599 0.005671 0.014145
0 0.526134 0.328289 0.003452 0.005263
0 0.439768 0.375016 0.006755 0.014441
0 0.360947 0.376316 0.004438 0.005921
0 0.275057 0.317130 0.004645 0.013451
0 0.829327 0.562056 0.027737 0.027204
0 0.341598 0.332058 0.003491 0.012668
0 0.396326 0.362007 0.004684 0.016776
0 0.449334 0.338322 0.002219 0.006250
0 0.251675 0.361077 0.011930 0.016490
0 0.350715 0.358224 0.004684 0.019079
0 0.570121 0.329947 0.007712 0.004559
0 0.429364 0.355099 0.004684 0.010855
0 0.265803 0.360128 0.009125 0.008757
0 0.329389 0.359539 0.005424 0.025000
0 0.358358 0.356414 0.002219 0.004276
0 0.600099 0.492763 0.027120 0.076974
0 0.421105 0.335526 0.003452 0.009211
0 0.426036 0.339309 0.004438 0.014803
0 0.860213 0.535918 0.018479 0.029099
0 0.607495 0.328947 0.003945 0.006579
0 0.971277 0.461349 0.007643 0.040461
0 0.213388 0.399770 0.015039 0.007039
0 0.259003 0.323268 0.004544 0.007240
0 0.476208 0.349293 0.003698 0.006678
0 0.592150 0.418257 0.005178 0.006908
0 0.338388 0.360362 0.004684 0.021382
0 0.452475 0.337745 0.002988 0.005168
0 0.338141 0.335362 0.004191 0.016118
0 0.680499 0.347112 0.002922 0.002632
0 0.248643 0.423564 0.008839 0.011595
0 0.491758 0.348304 0.004211 0.004062
0 0.308062 0.351809 0.005671 0.021382
0 0.424310 0.324178 0.005424 0.006908
0 0.253168 0.415609 0.010281 0.019375
0 0.357125 0.376151 0.003698 0.006908
0 0.698601 0.334367 0.003282 0.004378
0 0.533777 0.475164 0.014300 0.027961
0 0.685068 0.345844 0.002271 0.003214
0 0.486317 0.366447 0.004191 0.013158
0 0.437366 0.343262 0.001827 0.002727
0 0.411065 0.444939 0.013935 0.036984
0 0.499753 0.377467 0.004438 0.018092
0 0.220537 0.362829 0.007150 0.015789
0 0.444827 0.377303 0.005917 0.008553
0 0.396898 0.343964 0.003407 0.004546
0 0.279877 0.316778 0.002717 0.010174
0 0.286277 0.343326 0.006164 0.007237
0 0.223003 0.383553 0.009615 0.025000
0 0.304241 0.387500 0.004438 0.015789
0 0.642751 0.420395 0.008383 0.012500
0 0.486070 0.310691 0.001726 0.007566
0 0.781990 0.571875 0.057618 0.061513
0 0.566013 0.504230 0.052885 0.024079
0 0.369822 0.314145 0.002959 0.010526
0 0.633876 0.334211 0.003452 0.005263
0 0.490754 0.365789 0.003698 0.013158
0 0.372165 0.366283 0.004684 0.018092
0 0.480535 0.476678 0.044354 0.025724
0 0.458951 0.338438 0.002922 0.003803
0 0.009075 0.368936 0.011568 0.042451
0 0.499507 0.525164 0.031558 0.028618
0 0.514423 0.485033 0.028353 0.051645
0 0.269479 0.331604 0.008079 0.012799
0 0.380794 0.321053 0.002712 0.005263
0 0.240237 0.380066 0.015779 0.016053
0 0.617604 0.408717 0.008383 0.020724
