0 0.182463 0.333243 0.005178 0.012171
0 0.381780 0.354770 0.005671 0.008224
0 0.241643 0.336247 0.003356 0.011086
0 0.566938 0.493092 0.020957 0.050658
0 0.446758 0.498684 0.039916 0.046711
0 0.501356 0.466612 0.023422 0.029934
0 0.767751 0.493914 0.013807 0.041776
0 0.860700 0.409704 0.013807 0.022039
0 0.182569 0.357895 0.006164 0.016447
0 0.809291 0.527729 0.027818 0.034082
0 0.492604 0.375000 0.004438 0.005921
0 0.225715 0.371711 0.010108 0.015132
0 0.384640 0.314211 0.003254 0.011053
0 0.474729 0.369408 0.005671 0.015132
0 0.252959 0.362155 0.012821 0.017138
0 0.215730 0.496217 0.025641 0.108224
0 0.587771 0.382730 0.006903 0.006908
0 0.816395 0.414967 0.007249 0.006908
0 0.126294 0.599507 0.027737 0.046382
0 0.410873 0.330099 0.004191 0.011513
0 0.477811 0.457072 0.006903 0.011513
0 0.428008 0.311349 0.001479 0.005592
0 0.416543 0.332895 0.002712 0.007237
0 0.436557 0.353768 0.002981 0.006431
0 0.485483 0.363845 0.004300 0.010322
0 0.280981 0.330842 0.003565 0.015158
0 0.302515 0.341118 0.002465 0.019079
0 0.254843 0.324388 0.003272 0.011507
0 0.277878 0.327615 0.003671 0.012632
0 0.750370 0.402138 0.005671 0.006908
0 0.738240 0.393687 0.003550 0.004941
0 0.579265 0.384013 0.010108 0.010789
0 0.465832 0.344179 0.002103 0.002220
0 0.158284 0.477138 0.016765 0.059539
0 0.439226 0.354441 0.004684 0.010855
0 0.254269 0.335895 0.007152 0.012349
0 0.231065 0.448355 0.022485 0.048026
0 0.488343 0.364104 0.003491 0.011036
0 0.134615 0.411678 0.022682 0.085197
0 0.304980 0.341612 0.004438 0.018750
0 0.201262 0.372304 0.006573 0.015319
0 0.280478 0.545092 0.007850 0.029974
0 0.422822 0.312382 0.002542 0.005145
0 0.190897 0.381492 0.009788 0.041799
0 0.267505 0.327303 0.003452 0.015132
0 0.239250 0.393755 0.022091 0.022286
0 0.290311 0.331250 0.003698 0.015789
0 0.249011 0.320880 0.002525 0.007016
0 0.268614 0.432730 0.014053 0.022697
0 0.427860 0.327632 0.003156 0.009211
0 0.436164 0.367033 0.005178 0.013816
0 0.431706 0.311513 0.001479 0.004605
0 0.364275 0.449342 0.011095 0.054605
0 0.494391 0.433635 0.019107 0.043257
0 0.211662 0.421875 0.010108 0.027303
0 0.262327 0.389967 0.009369 0.029934
0 0.399083 0.467398 0.037535 0.008362
0 0.209725 0.330002 0.004312 0.015997
0 0.453304 0.365724 0.004734 0.013947
0 0.936884 0.426480 0.005917 0.011513
0 0.498521 0.329934 0.002465 0.003289
0 0.468679 0.344044 0.004704 0.006187
0 0.204302 0.354140 0.010952 0.014595
0 0.372255 0.321178 0.003286 0.005263
0 0.885555 0.650375 0.098496 0.060625
0 0.394947 0.364033 0.003903 0.003789
0 0.352170 0.396086 0.008580 0.034276
0 0.183802 0.448684 0.025394 0.094079
0 0.745879 0.403067 0.006270 0.007635
0 0.228476 0.402204 0.013955 0.015329
0 0.752811 0.413086 0.014300 0.008500
0 0.325000 0.355395 0.006509 0.008947
0 0.392490 0.320888 0.003077 0.010000
0 0.550247 0.387336 0.007298 0.019408
0 0.387808 0.315839 0.002441 0.009868
0 0.508284 0.378783 0.004734 0.020066
0 0.309541 0.344572 0.004684 0.018750
0 0.548447 0.304276 0.002219 0.006579
0 0.207265 0.376701 0.005540 0.014164
0 0.289421 0.510171 0.006977 0.045105
0 0.176583 0.329974 0.004684 0.011842
0 0.246672 0.368141 0.019724 0.009178
0 0.480893 0.305263 0.001726 0.007237
0 0.301405 0.341447 0.003205 0.018421
0 0.430006 0.320862 0.002463 0.010868
0 0.474852 0.308388 0.001972 0.004934
0 0.961501 0.655263 0.076011 0.051316
0 0.584813 0.463158 0.014300 0.074342
0 0.219056 0.373123 0.009029 0.013918
0 0.514435 0.379112 0.006632 0.018092
0 0.735454 0.400822 0.004438 0.006908
0 0.741500 0.413541 0.009751 0.012786
0 0.552604 0.507492 0.037742 0.045477
0 0.390443 0.332775 0.003873 0.011306
0 0.380609 0.315150 0.001701 0.006674
0 0.376224 0.321633 0.004455 0.006010
0 0.613905 0.382895 0.006903 0.013816
0 0.789119 0.520095 0.013676 0.018954
0 0.258999 0.406908 0.012081 0.049342
0 0.506164 0.330428 0.002465 0.002961
0 0.425750 0.493253 0.008309 0.030454
0 0.208333 0.411020 0.007396 0.012171
0 0.365631 0.351645 0.003945 0.014474
0 0.395957 0.319737 0.002959 0.013158
0 0.244527 0.414293 0.022091 0.056875
0 0.558247 0.520938 0.024285 0.049112
0 0.425737 0.320832 0.002219 0.010526
0 0.799840 0.597796 0.090163 0.033816
0 0.185158 0.529605 0.022682 0.100000
0 0.571515 0.390942 0.005160 0.016010
0 0.229883 0.379395 0.004781 0.005947
0 0.564670 0.405789 0.004931 0.007717
0 0.553254 0.379770 0.004438 0.008882
0 0.382353 0.389160 0.006077 0.006148
0 0.813118 0.417951 0.005870 0.006664
0 0.254423 0.357102 0.008940 0.010408
0 0.480769 0.320888 0.002465 0.007566
0 0.247060 0.321090 0.002641 0.007438
0 0.538215 0.389309 0.005917 0.022039
0 0.369345 0.311696 0.003666 0.009043
0 0.219232 0.383357 0.006048 0.011694
0 0.391700 0.386633 0.010767 0.019036
0 0.635108 0.383717 0.008876 0.010197
0 0.845929 0.418691 0.003205 0.005263
0 0.308309 0.344572 0.004191 0.018092
0 0.709813 0.398026 0.005917 0.008553
0 0.479167 0.327303 0.002712 0.009868
0 0.887340 0.425280 0.009393 0.013059
0 0.306953 0.329441 0.003452 0.010855
0 0.457162 0.355082 0.005301 0.007862
0 0.354536 0.325658 0.003945 0.014474
0 0.281805 0.387993 0.006410 0.016776
0 0.584430 0.399655 0.007175 0.020428
0 0.356669 0.351316 0.003624 0.013158
0 0.597880 0.391776 0.011834 0.013816
0 0.488166 0.373026 0.005424 0.009868
0 0.703156 0.397368 0.006903 0.009211
0 0.969798 0.424013 0.004684 0.007237
0 0.172707 0.578454 0.025394 0.063487
0 0.340483 0.325493 0.003945 0.012171
0 0.373178 0.310465 0.002510 0.008872
0 0.483733 0.468447 0.020404 0.023632
0 0.500863 0.375987 0.003698 0.003947
0 0.298693 0.341612 0.004191 0.018092
0 0.478427 0.308553 0.002219 0.005263
0 0.422830 0.332730 0.002465 0.008882
0 0.280507 0.418589 0.015219 0.022625
0 0.252959 0.389967 0.004931 0.031908
0 0.146955 0.508059 0.023693 0.030592
0 0.402186 0.330043 0.002779 0.012809
0 0.823471 0.437845 0.007890 0.033586
0 0.837648 0.415296 0.009122 0.010197
0 0.560035 0.417434 0.010602 0.032895
0 0.729043 0.383059 0.008383 0.020724
0 0.595291 0.502467 0.021943 0.035855
0 0.230276 0.543092 0.032051 0.134211
0 0.230991 0.362089 0.012525 0.018717
0 0.274285 0.391283 0.008629 0.027961
0 0.242813 0.496678 0.024088 0.103882
0 0.448449 0.315658 0.002712 0.008816
0 0.559665 0.387993 0.006903 0.020066
0 0.785875 0.583901 0.086637 0.037000
0 0.347017 0.324836 0.004191 0.014803
0 0.880301 0.430263 0.005178 0.007895
0 0.666543 0.396217 0.008136 0.011513
0 0.867000 0.428832 0.005794 0.008454
0 0.349975 0.314145 0.003205 0.011842
0 0.791810 0.516368 0.006617 0.012987
0 0.433883 0.355173 0.003067 0.003859
0 0.477728 0.355296 0.003780 0.008553
0 0.643787 0.392975 0.008679 0.008457
0 0.269564 0.524911 0.045537 0.179276
0 0.752712 0.339803 0.001972 0.003289
0 0.218812 0.424671 0.016519 0.025000
0 0.282716 0.320528 0.003060 0.008562
0 0.341963 0.455428 0.026134 0.038487
0 0.619822 0.465789 0.015631 0.071053
0 0.390508 0.460493 0.024063 0.008487
0 0.205973 0.357625 0.005362 0.010737
0 0.237803 0.322002 0.003900 0.012628
