0 0.320182 0.315303 0.005074 0.015257
0 0.288538 0.321910 0.005715 0.009990
0 0.440002 0.302753 0.002737 0.009454
0 0.318294 0.342857 0.006607 0.021378
0 0.892313 0.485997 0.015148 0.053250
0 0.450590 0.343416 0.003785 0.003760
0 0.129586 0.393732 0.017392 0.077411
0 0.338823 0.333298 0.004347 0.017510
0 0.463717 0.339817 0.004268 0.004510
0 0.308507 0.314390 0.003301 0.009562
0 0.368252 0.310898 0.004591 0.005586
0 0.514133 0.363842 0.002512 0.002191
0 0.365997 0.310521 0.005555 0.006766
0 0.471768 0.342880 0.005715 0.004188
0 0.422973 0.315753 0.003945 0.006658
0 0.433633 0.380189 0.004751 0.007734
0 0.264503 0.317289 0.004509 0.015789
0 0.527322 0.361393 0.002608 0.003997
0 0.259109 0.315411 0.004993 0.017618
0 0.238656 0.377449 0.005957 0.023957
0 0.666142 0.393908 0.006440 0.010099
0 0.271227 0.318365 0.004105 0.015362
0 0.442458 0.303400 0.002495 0.009240
0 0.374896 0.455372 0.015695 0.071730
0 0.650038 0.396541 0.008213 0.008056
0 0.398688 0.309985 0.006524 0.008918
0 0.689871 0.398903 0.003607 0.006095
0 0.286606 0.369931 0.007004 0.021809
0 0.459247 0.309683 0.003543 0.009990
0 0.251298 0.360155 0.006926 0.026322
0 0.671456 0.396863 0.007246 0.009562
0 0.227544 0.388354 0.014009 0.024280
0 0.343090 0.329268 0.003543 0.006661
0 0.283146 0.318150 0.003629 0.015793
0 0.315552 0.314283 0.004832 0.014717
0 0.366802 0.347584 0.003624 0.006339
0 0.749498 0.408367 0.018513 0.028872
0 0.828960 0.423605 0.016829 0.014434
0 0.295544 0.315141 0.003622 0.014289
0 0.272837 0.377235 0.012803 0.035990
0 0.113029 0.388533 0.024071 0.082980
0 0.483958 0.380673 0.012157 0.012141
0 0.444794 0.344492 0.003622 0.003760
0 0.409875 0.459270 0.019869 0.096013
0 0.213735 0.359562 0.003462 0.014612
0 0.373767 0.344470 0.004349 0.012138
0 0.419422 0.401891 0.009983 0.038461
0 0.678300 0.399173 0.004672 0.004510
0 0.516308 0.389367 0.007054 0.021786
0 0.440764 0.461387 0.021203 0.099799
0 0.391643 0.336359 0.004509 0.008592
0 0.274528 0.317666 0.003785 0.016760
