0 0.139053 0.419572 0.005917 0.025987
0 0.124014 0.401480 0.005424 0.019408
0 0.158407 0.422368 0.005178 0.015789
0 0.194280 0.382237 0.002959 0.011842
0 0.383752 0.485033 0.017998 0.046382
0 0.446622 0.533553 0.032298 0.053289
0 0.303254 0.426316 0.007396 0.021053
0 0.522559 0.558388 0.036243 0.066118
0 0.029548 0.408671 0.007029 0.021882
0 0.260478 0.363158 0.003205 0.011842
0 0.044144 0.435970 0.007421 0.039046
0 0.018121 0.439638 0.009615 0.019408
0 0.538338 0.445724 0.008629 0.015132
0 0.245809 0.382072 0.003945 0.004934
0 0.382273 0.362336 0.004684 0.003618
0 0.132643 0.401151 0.004931 0.019408
0 0.049601 0.419905 0.009749 0.012099
0 0.946252 0.469572 0.012821 0.020066
0 0.532298 0.451480 0.004931 0.004934
0 0.059665 0.408717 0.007890 0.022697
0 0.030449 0.435691 0.014053 0.037171
0 0.127219 0.421546 0.007396 0.014803
