0 0.199159 0.375283 0.014546 0.017434
0 0.501849 0.323191 0.002712 0.008224
0 0.249911 0.315954 0.002623 0.014414
0 0.284640 0.342895 0.004684 0.018816
0 0.265286 0.321694 0.003945 0.015822
0 0.496478 0.323439 0.002147 0.006444
0 0.721031 0.381414 0.003698 0.003618
0 0.547373 0.318873 0.001812 0.003938
0 0.974112 0.592615 0.051775 0.079836
0 0.284904 0.320788 0.003363 0.006891
0 0.459662 0.306715 0.002219 0.004135
0 0.331607 0.355757 0.006410 0.021382
0 0.459799 0.322163 0.004194 0.006266
0 0.381410 0.330099 0.003452 0.012829
0 0.319071 0.322135 0.004512 0.006651
0 0.596252 0.500066 0.039645 0.029737
0 0.480518 0.322650 0.001677 0.008878
0 0.304364 0.349671 0.004684 0.024342
0 0.261287 0.317834 0.004295 0.013339
0 0.604413 0.497599 0.016075 0.039276
0 0.506238 0.332648 0.002613 0.003783
0 0.799556 0.496118 0.019724 0.051447
0 0.316791 0.351770 0.005323 0.023013
0 0.465113 0.319408 0.003698 0.010526
0 0.313363 0.326151 0.004931 0.017434
0 0.484963 0.316308 0.002628 0.009326
0 0.241987 0.397204 0.018491 0.032566
0 0.408971 0.425696 0.006442 0.013859
0 0.309048 0.413322 0.017012 0.046382
0 0.312500 0.351480 0.004684 0.022697
0 0.257862 0.320028 0.002273 0.008773
0 0.952527 0.567829 0.028920 0.041908
0 0.834073 0.519408 0.019724 0.084211
0 0.782421 0.381250 0.003698 0.004605
0 0.283019 0.438217 0.033099 0.086184
0 0.458125 0.327488 0.003129 0.003510
0 0.215348 0.322056 0.003082 0.007270
0 0.177515 0.369161 0.007890 0.036020
0 0.173930 0.333262 0.005449 0.017016
0 0.471893 0.324671 0.004438 0.003947
0 0.245314 0.353822 0.002542 0.013520
0 0.429241 0.323026 0.003452 0.009868
0 0.330251 0.395395 0.008629 0.040789
0 0.274332 0.323026 0.002751 0.005105
0 0.186711 0.370461 0.009517 0.042632
0 0.242903 0.351688 0.004233 0.020724
0 0.404179 0.422697 0.007076 0.026974
0 0.339127 0.393750 0.010602 0.043421
0 0.449822 0.306293 0.004004 0.005112
0 0.569602 0.317773 0.002660 0.005704
0 0.588213 0.318132 0.002766 0.004329
