0 0.498977 0.387110 0.002737 0.003740
0 0.252385 0.369952 0.003060 0.011174
0 0.126017 0.407428 0.004929 0.010829
0 0.647194 0.536816 0.009043 0.038829
0 0.056111 0.374490 0.004445 0.012507
0 0.071135 0.375327 0.002996 0.011859
0 0.115673 0.504372 0.017392 0.033046
0 0.021616 0.445245 0.009322 0.046595
0 0.110385 0.500008 0.010991 0.035457
0 0.262249 0.360015 0.003624 0.009990
0 0.008524 0.426122 0.011497 0.014954
0 0.123168 0.442880 0.013333 0.036352
0 0.155466 0.504928 0.020454 0.022276
0 0.203630 0.374250 0.002981 0.015684
0 0.572987 0.512914 0.021334 0.071783
0 0.065097 0.373974 0.003286 0.009928
0 0.110027 0.373715 0.003866 0.013793
0 0.029059 0.453224 0.013079 0.032105
0 0.042437 0.421416 0.007631 0.027201
0 0.036254 0.448327 0.008627 0.045109
0 0.056540 0.474855 0.012660 0.049750
0 0.006012 0.391442 0.004929 0.017793
0 0.283908 0.363775 0.002495 0.006984
0 0.105099 0.372684 0.003284 0.011474
0 0.063213 0.452161 0.011691 0.045895
0 0.077997 0.392666 0.008987 0.009155
0 0.656585 0.520344 0.023190 0.073319
0 0.055965 0.385125 0.003962 0.015730
0 0.101234 0.371719 0.004445 0.011345
0 0.506774 0.386686 0.002379 0.003339
0 0.051569 0.386285 0.003863 0.011345
0 0.008813 0.394406 0.002996 0.011602
0 0.080991 0.454095 0.009758 0.044862
0 0.015673 0.401691 0.003575 0.014822
0 0.014901 0.391765 0.004734 0.017661
0 0.516889 0.386252 0.003304 0.004339
0 0.737924 0.513146 0.020291 0.036970
0 0.042278 0.484788 0.021706 0.029516
0 0.034555 0.457684 0.020175 0.028401
