0 0.320102 0.413031 0.004026 0.002688
0 0.469995 0.353053 0.003378 0.002901
0 0.116786 0.424212 0.007512 0.028773
0 0.223156 0.394500 0.004832 0.013105
0 0.439961 0.441161 0.005010 0.007612
0 0.211681 0.380480 0.002658 0.007414
0 0.697213 0.587123 0.021437 0.049720
0 0.179873 0.376222 0.003691 0.013141
0 0.290979 0.367493 0.002549 0.004836
0 0.302830 0.419207 0.008294 0.017618
0 0.224444 0.384669 0.004993 0.012786
0 0.500142 0.365479 0.001945 0.002865
0 0.050459 0.392911 0.004443 0.017145
0 0.118433 0.391107 0.002996 0.015859
0 0.308995 0.375194 0.002350 0.002507
0 0.162203 0.385562 0.002803 0.014309
0 0.244333 0.376130 0.001773 0.005372
0 0.265631 0.363345 0.001691 0.005803
0 0.489284 0.605266 0.079726 0.044368
0 0.124183 0.391750 0.004638 0.015599
0 0.167025 0.456240 0.004006 0.004678
0 0.035118 0.436094 0.006415 0.029148
0 0.269777 0.394285 0.003706 0.006878
0 0.200852 0.376184 0.004026 0.009776
0 0.417210 0.441533 0.003479 0.006125
0 0.446361 0.559692 0.017253 0.049753
0 0.174389 0.506451 0.020316 0.030257
0 0.358851 0.366151 0.003422 0.003224
0 0.251499 0.385959 0.002737 0.005477
0 0.738887 0.600757 0.081146 0.040632
0 0.017719 0.438972 0.006958 0.015964
0 0.210153 0.399388 0.003945 0.010849
0 0.479715 0.353000 0.001368 0.001934
0 0.074279 0.497253 0.027133 0.005217
0 0.055378 0.434640 0.009135 0.034003
0 0.042771 0.496612 0.033964 0.014296
0 0.422998 0.339651 0.001543 0.004658
0 0.763900 0.644176 0.036785 0.064799
0 0.870814 0.448699 0.010715 0.008727
0 0.157421 0.369836 0.004058 0.006572
0 0.007429 0.439798 0.013378 0.012082
0 0.482980 0.353536 0.002581 0.001717
0 0.296683 0.365837 0.002552 0.009043
0 0.067175 0.395813 0.003284 0.015730
0 0.328066 0.423878 0.002922 0.004270
0 0.300943 0.365926 0.002350 0.006714
0 0.213051 0.388697 0.003785 0.005586
0 0.260960 0.395143 0.004588 0.009023
0 0.167179 0.398197 0.002899 0.010697
0 0.466053 0.353337 0.001474 0.001918
0 0.276177 0.394123 0.003301 0.005477
0 0.674872 0.585387 0.025646 0.036622
0 0.397198 0.363419 0.001477 0.002418
0 0.392936 0.343054 0.001677 0.002865
0 0.222392 0.547189 0.035064 0.035661
0 0.081330 0.412831 0.006087 0.026299
0 0.228235 0.473314 0.012244 0.023760
0 0.314699 0.374924 0.002081 0.001967
0 0.059686 0.401033 0.004347 0.010441
0 0.063304 0.397424 0.003102 0.018691
0 0.043468 0.436651 0.005274 0.030632
0 0.036367 0.479632 0.009465 0.015605
0 0.813997 0.635109 0.042239 0.175993
0 0.042825 0.395360 0.003476 0.014826
0 0.529704 0.580206 0.038960 0.070727
0 0.061757 0.469974 0.011827 0.049750
0 0.876240 0.448605 0.006262 0.011882
0 0.323824 0.354602 0.002081 0.005368
0 0.161246 0.452801 0.005412 0.011694
0 0.475851 0.353697 0.002175 0.002901
0 0.099671 0.501160 0.018923 0.009655
0 0.246386 0.398260 0.002658 0.004941
0 0.168000 0.385242 0.002608 0.013924
0 0.318188 0.360510 0.002751 0.003401
0 0.161043 0.368095 0.002608 0.011342
0 0.888261 0.726340 0.158222 0.042497
0 0.130769 0.515640 0.041045 0.050865
0 0.091861 0.401548 0.004926 0.020240
0 0.037276 0.490765 0.035493 0.018194
0 0.233877 0.481854 0.004578 0.007799
0 0.205214 0.460970 0.010419 0.027289
0 0.213776 0.396112 0.004751 0.012461
0 0.031355 0.444819 0.007236 0.038796
0 0.120896 0.397811 0.003479 0.018437
0 0.127151 0.497633 0.010436 0.019306
0 0.246144 0.360498 0.002012 0.006339
0 0.398707 0.346546 0.001812 0.002507
0 0.268097 0.516289 0.030750 0.036572
0 0.470616 0.354192 0.001282 0.002174
0 0.410880 0.436985 0.006400 0.016339
0 0.046460 0.480090 0.014901 0.012069
0 0.073793 0.398842 0.003380 0.016375
0 0.159111 0.379505 0.002996 0.006832
0 0.109550 0.428854 0.005288 0.015780
0 0.653634 0.517487 0.016829 0.063355
0 0.208261 0.388967 0.002093 0.005908
0 0.146352 0.517683 0.033252 0.049753
0 0.404479 0.362704 0.001812 0.003132
0 0.470987 0.558857 0.028385 0.036201
0 0.405316 0.531475 0.046750 0.054576
0 0.279197 0.395038 0.003060 0.004727
0 0.500486 0.558113 0.016139 0.027661
0 0.322779 0.536153 0.054403 0.020977
0 0.141715 0.414633 0.004144 0.015727
0 0.254157 0.386227 0.001933 0.003651
0 0.119931 0.384984 0.004058 0.009539
0 0.163363 0.380730 0.003960 0.013408
0 0.115052 0.389303 0.003575 0.015599
0 0.433364 0.340411 0.001610 0.002954
0 0.194773 0.371187 0.002658 0.011816
0 0.133796 0.395362 0.004347 0.017921
0 0.338888 0.367627 0.004162 0.004207
0 0.289872 0.531235 0.012801 0.016707
0 0.257136 0.359801 0.002576 0.009674
0 0.184122 0.396160 0.005843 0.014701
0 0.171334 0.380021 0.003092 0.013536
0 0.270623 0.374572 0.002498 0.006553
0 0.046836 0.393878 0.004347 0.016500
