0 0.269231 0.358224 0.003945 0.007895
0 0.537968 0.514803 0.042899 0.023684
0 0.544255 0.322368 0.002712 0.005921
0 0.082101 0.391941 0.023176 0.067434
0 0.327909 0.353783 0.004931 0.024671
0 0.472017 0.366941 0.005671 0.006908
0 0.485084 0.328289 0.004191 0.005263
0 0.010971 0.442763 0.021943 0.053947
0 0.269970 0.332566 0.005424 0.009211
0 0.428378 0.368421 0.011095 0.005263
0 0.210059 0.360855 0.009862 0.030921
0 0.258629 0.324671 0.003452 0.013158
0 0.670365 0.617434 0.042899 0.203289
0 0.107618 0.390625 0.016026 0.077303
0 0.181583 0.346053 0.007150 0.008553
0 0.128205 0.391941 0.029093 0.068092
0 0.451800 0.357895 0.003205 0.006579
0 0.179980 0.357401 0.011834 0.014145
0 0.287845 0.419737 0.007643 0.008553
0 0.332964 0.323520 0.004191 0.004934
0 0.324704 0.432072 0.015286 0.078618
0 0.358605 0.467928 0.031312 0.016118
0 0.458580 0.320230 0.003452 0.010197
0 0.317554 0.332895 0.004438 0.017105
0 0.393861 0.349836 0.003698 0.012171
0 0.406805 0.314309 0.003945 0.003618
0 0.289201 0.350000 0.004438 0.019079
0 0.488782 0.328947 0.002712 0.004605
0 0.915434 0.702467 0.028600 0.022697
0 0.234961 0.386020 0.020217 0.017434
0 0.464127 0.354441 0.004191 0.012171
0 0.443787 0.315461 0.002959 0.010526
0 0.349975 0.351809 0.006164 0.009539
0 0.229413 0.317928 0.003698 0.009539
0 0.526504 0.367928 0.005178 0.008224
0 0.280202 0.330428 0.003205 0.013487
0 0.276874 0.337171 0.003452 0.017763
0 0.256040 0.431414 0.008136 0.014803
0 0.280079 0.359375 0.016272 0.007566
0 0.215976 0.397039 0.024655 0.017763
0 0.536612 0.311349 0.001726 0.004934
0 0.198595 0.329934 0.005178 0.024342
0 0.297091 0.421053 0.009862 0.011842
0 0.571376 0.324013 0.002712 0.009868
0 0.801159 0.521053 0.010602 0.019737
0 0.433062 0.334539 0.003698 0.009211
0 0.509246 0.307401 0.001726 0.006908
0 0.539571 0.520230 0.039694 0.012171
0 0.359837 0.369901 0.007150 0.012171
0 0.456114 0.356908 0.004438 0.007237
0 0.567801 0.371217 0.002959 0.005592
0 0.256780 0.391118 0.014546 0.025658
0 0.444280 0.429934 0.011834 0.044079
0 0.370192 0.418257 0.012574 0.033224
0 0.385108 0.314967 0.001972 0.004934
0 0.666420 0.391941 0.009369 0.008882
0 0.250493 0.367599 0.008383 0.006908
0 0.322978 0.333388 0.004931 0.017434
0 0.338018 0.324507 0.003452 0.003618
0 0.480646 0.368421 0.003205 0.005921
0 0.228920 0.372204 0.016026 0.014145
0 0.235700 0.356414 0.006410 0.012829
0 0.702786 0.584704 0.057446 0.163487
0 0.246179 0.384539 0.007150 0.012500
0 0.389300 0.351316 0.004438 0.006579
0 0.361810 0.347039 0.004684 0.009868
0 0.474236 0.316447 0.002219 0.009211
0 0.318540 0.349836 0.003945 0.010855
0 0.781681 0.429276 0.010108 0.025000
0 0.224236 0.372533 0.007643 0.014145
0 0.537722 0.369572 0.002959 0.006908
0 0.568047 0.495395 0.040434 0.048026
0 0.447239 0.316118 0.001972 0.006579
0 0.862673 0.538487 0.038462 0.038158
0 0.387944 0.315132 0.002219 0.005921
0 0.874260 0.602796 0.036982 0.074013
0 0.382520 0.434704 0.010602 0.055592
0 0.295488 0.338980 0.006657 0.020066
0 0.198841 0.346711 0.006164 0.008553
0 0.320636 0.438816 0.040680 0.039474
0 0.940089 0.349836 0.005424 0.008224
0 0.189472 0.401316 0.020464 0.013816
0 0.130794 0.328618 0.004191 0.012500
0 0.311144 0.331250 0.006903 0.009211
0 0.496055 0.308717 0.001972 0.006250
0 0.470907 0.349013 0.002465 0.006579
0 0.367973 0.318914 0.003205 0.010855
0 0.282914 0.332566 0.003698 0.009868
0 0.263314 0.330099 0.002959 0.015461
0 0.800542 0.835033 0.100592 0.327303
0 0.549803 0.368421 0.006410 0.009211
0 0.339250 0.410033 0.017751 0.022697
0 0.327663 0.333717 0.003452 0.016776
0 0.410996 0.335855 0.002959 0.007895
0 0.518245 0.472368 0.024162 0.042763
0 0.570759 0.458224 0.019724 0.065789
0 0.504191 0.373684 0.005917 0.009868
0 0.822115 0.533717 0.035750 0.040461
0 0.640039 0.597697 0.037475 0.194079
0 0.475222 0.342763 0.002712 0.003947
0 0.786119 0.522204 0.018491 0.029934
0 0.287845 0.324342 0.004191 0.010526
0 0.257273 0.353125 0.004191 0.022039
0 0.395587 0.350493 0.007150 0.011513
0 0.910996 0.348520 0.004438 0.008882
0 0.397929 0.336513 0.003945 0.005263
0 0.362919 0.320230 0.003945 0.008224
0 0.380671 0.315132 0.002959 0.010526
0 0.196376 0.321053 0.004191 0.009868
0 0.870192 0.546217 0.055473 0.054276
0 0.341963 0.316612 0.002959 0.008882
0 0.418269 0.334375 0.004684 0.009539
0 0.520710 0.309375 0.001972 0.004934
0 0.459566 0.346711 0.003452 0.005263
0 0.791050 0.431908 0.009122 0.028947
0 0.241248 0.367763 0.007150 0.030263
0 0.471647 0.357895 0.005917 0.007895
0 0.226701 0.419901 0.013067 0.023355
