0 0.507429 0.366831 0.006642 0.009043
0 0.450173 0.303012 0.002012 0.007951
0 0.219709 0.364898 0.005902 0.031842
0 0.203114 0.340868 0.009467 0.013020
0 0.620356 0.384423 0.006911 0.008418
0 0.635788 0.384319 0.004090 0.003454
0 0.518399 0.363788 0.004697 0.009938
0 0.679742 0.339487 0.014859 0.005125
0 0.588316 0.367054 0.002549 0.003938
0 0.252951 0.313590 0.002416 0.015082
0 0.117938 0.342339 0.020639 0.067901
0 0.604523 0.515140 0.036398 0.031188
0 0.496457 0.367189 0.006307 0.007253
0 0.197877 0.292447 0.003575 0.009928
0 0.189132 0.326482 0.005991 0.009668
0 0.524297 0.494199 0.033895 0.053016
0 0.080751 0.376270 0.012754 0.079928
0 0.304018 0.319972 0.002320 0.004898
0 0.250730 0.312817 0.003767 0.016115
0 0.055483 0.375753 0.015942 0.078895
0 0.215173 0.337309 0.006859 0.024882
0 0.214592 0.363480 0.006861 0.035191
0 0.558257 0.369293 0.003220 0.005013
0 0.294258 0.318488 0.005025 0.007345
0 0.307495 0.319842 0.003092 0.006704
0 0.204786 0.292191 0.004832 0.010441
0 0.073502 0.382651 0.011787 0.073868
0 0.540441 0.369069 0.003960 0.006355
0 0.123047 0.320553 0.008817 0.016842
0 0.300104 0.316490 0.003190 0.012632
