0 0.903230 0.547039 0.038708 0.105921
0 0.579220 0.327949 0.001304 0.002049
0 0.204758 0.337171 0.006657 0.011842
0 0.665043 0.316740 0.002064 0.005000
0 0.438240 0.331852 0.004191 0.006250
0 0.227934 0.367434 0.005671 0.006579
0 0.325321 0.319901 0.003698 0.006908
0 0.358235 0.398355 0.011341 0.037500
0 0.349975 0.312829 0.003205 0.009868
0 0.198139 0.387615 0.014472 0.044507
0 0.330868 0.596053 0.040927 0.194079
0 0.188486 0.340789 0.006164 0.023026
0 0.130839 0.328081 0.003962 0.006576
0 0.723373 0.524178 0.010355 0.015461
0 0.267382 0.350987 0.003698 0.010526
0 0.471893 0.314967 0.002465 0.011513
0 0.324334 0.373026 0.008629 0.029605
0 0.775148 0.421711 0.004438 0.007895
0 0.591223 0.501974 0.025641 0.015132
0 0.273052 0.428125 0.014546 0.061513
0 0.248274 0.333882 0.006410 0.017105
0 0.671474 0.372368 0.004684 0.005263
0 0.199088 0.337500 0.006657 0.009868
0 0.639120 0.527743 0.012559 0.046382
0 0.230153 0.399507 0.012081 0.030592
0 0.275148 0.323191 0.003945 0.016118
0 0.105138 0.328467 0.005316 0.008638
0 0.334073 0.398015 0.007890 0.037260
0 0.369946 0.314145 0.003205 0.011184
0 0.148812 0.328725 0.004541 0.011990
0 0.670365 0.312993 0.003452 0.004276
0 0.675542 0.540625 0.054734 0.073355
0 0.480017 0.396497 0.006435 0.012072
0 0.231232 0.341488 0.002996 0.010701
0 0.966100 0.592599 0.032298 0.144408
0 0.489892 0.478783 0.048323 0.022039
0 0.267135 0.320724 0.002712 0.005921
0 0.207594 0.300329 0.004438 0.015132
0 0.529216 0.305428 0.002219 0.004276
0 0.630843 0.512993 0.013659 0.035197
0 0.188486 0.369793 0.009615 0.031579
0 0.263314 0.356250 0.006410 0.025000
0 0.261464 0.320395 0.004191 0.014474
0 0.134800 0.326985 0.003383 0.008510
0 0.374384 0.353618 0.004684 0.007895
0 0.381780 0.353618 0.005671 0.006579
0 0.477075 0.317298 0.001738 0.008352
0 0.286107 0.418421 0.008161 0.023026
0 0.227071 0.380428 0.009369 0.012829
0 0.441938 0.309539 0.002712 0.011842
0 0.139197 0.327758 0.003863 0.008766
0 0.307655 0.364803 0.005178 0.009868
0 0.633956 0.299059 0.001063 0.003803
0 0.960429 0.625658 0.024408 0.084211
0 0.574704 0.701316 0.089744 0.282237
0 0.241987 0.411842 0.012081 0.053289
0 0.464620 0.309046 0.003205 0.007566
0 0.226738 0.342003 0.003674 0.006059
0 0.210552 0.403289 0.011834 0.045395
0 0.114027 0.298493 0.002803 0.009026
0 0.936391 0.539638 0.024655 0.104934
0 0.298817 0.312993 0.003452 0.010855
0 0.241763 0.326597 0.003575 0.007734
0 0.250123 0.401809 0.010108 0.035197
0 0.386905 0.480896 0.046704 0.043141
0 0.544232 0.312056 0.002221 0.003092
0 0.115621 0.299719 0.002125 0.007345
0 0.316938 0.368750 0.005671 0.009868
0 0.583215 0.328123 0.001963 0.001714
0 0.205621 0.323520 0.003945 0.008224
0 0.247411 0.315789 0.004191 0.013816
0 0.219798 0.323026 0.004191 0.008553
0 0.634369 0.424178 0.006410 0.014145
0 0.292776 0.566776 0.047091 0.166447
0 0.981386 0.449836 0.014053 0.017434
0 0.299433 0.424013 0.010108 0.025658
0 0.165285 0.324470 0.004445 0.020757
0 0.179241 0.325987 0.004931 0.009868
0 0.251233 0.322697 0.003452 0.012500
0 0.602823 0.510691 0.037993 0.016776
0 0.470259 0.349500 0.006903 0.006250
0 0.387829 0.472074 0.020870 0.025214
0 0.283777 0.328289 0.007396 0.010526
0 0.223989 0.566612 0.044132 0.168750
0 0.270464 0.360691 0.003945 0.017434
0 0.247917 0.377428 0.013205 0.015039
0 0.370562 0.437500 0.013314 0.053947
0 0.460922 0.472533 0.011095 0.014803
0 0.309788 0.345888 0.004191 0.005592
0 0.448471 0.364901 0.004438 0.007039
0 0.181706 0.326151 0.008383 0.010197
0 0.203698 0.370181 0.011243 0.028717
0 0.318910 0.444901 0.026874 0.041776
0 0.751972 0.546217 0.031558 0.012171
0 0.292283 0.324013 0.003698 0.013816
0 0.214990 0.381579 0.009369 0.025658
0 0.109389 0.330658 0.003767 0.009151
0 0.434982 0.331951 0.004741 0.006250
0 0.458703 0.325000 0.002712 0.002632
0 0.202046 0.297039 0.003698 0.011842
0 0.172337 0.332237 0.004931 0.016447
0 0.638930 0.299836 0.001726 0.004276
0 0.625234 0.312079 0.001958 0.003730
0 0.368713 0.396217 0.006164 0.033882
0 0.311884 0.324342 0.008876 0.006579
0 0.628082 0.418586 0.008136 0.033224
0 0.332964 0.317928 0.003205 0.012829
0 0.318787 0.385362 0.008383 0.021382
0 0.561391 0.320395 0.002465 0.005263
0 0.200567 0.326316 0.003205 0.014474
0 0.416050 0.351480 0.004684 0.017434
0 0.126849 0.433553 0.029832 0.100658
0 0.123891 0.328947 0.005178 0.013158
0 0.243701 0.359541 0.018417 0.007628
0 0.328508 0.386679 0.009630 0.026839
0 0.244329 0.326480 0.002959 0.012829
0 0.706484 0.535691 0.014546 0.030592
0 0.648299 0.808224 0.098373 0.363158
0 0.558555 0.320230 0.002712 0.005592
0 0.451307 0.306579 0.002219 0.006579
0 0.343442 0.377898 0.008383 0.024671
0 0.392505 0.349507 0.003452 0.015461
0 0.180660 0.366985 0.004416 0.022477
0 0.448964 0.306908 0.002465 0.007237
0 0.353674 0.311842 0.003698 0.011842
0 0.396080 0.606579 0.058432 0.210526
0 0.381780 0.387829 0.007643 0.034211
