0 0.315327 0.375622 0.001649 0.001855
0 0.334270 0.376488 0.002707 0.005030
0 0.292818 0.400852 0.002125 0.003480
0 0.257744 0.380678 0.003092 0.005414
0 0.268035 0.380612 0.002608 0.006059
0 0.456775 0.483752 0.021637 0.011549
0 0.158961 0.473347 0.012355 0.050122
0 0.090925 0.399500 0.003383 0.018822
0 0.583602 0.382704 0.008895 0.021171
0 0.114307 0.398211 0.005508 0.022171
0 0.833889 0.454719 0.016590 0.027266
0 0.006352 0.481298 0.011965 0.027661
0 0.087122 0.381331 0.004593 0.013740
0 0.982595 0.438360 0.009618 0.023418
0 0.024719 0.361931 0.003338 0.012066
0 0.274556 0.381387 0.002899 0.003997
0 0.336278 0.514783 0.009016 0.034086
0 0.054564 0.470995 0.010158 0.051609
0 0.695281 0.465627 0.005769 0.008661
0 0.035711 0.374183 0.004174 0.017635
0 0.062912 0.380587 0.003476 0.014852
0 0.328908 0.377067 0.003575 0.003609
0 0.319244 0.374748 0.001837 0.003095
0 0.969972 0.442530 0.009376 0.018928
0 0.807081 0.451352 0.004808 0.012829
0 0.132713 0.378873 0.003479 0.013924
0 0.323171 0.517234 0.014527 0.027401
0 0.263204 0.400015 0.003770 0.005155
0 0.342122 0.360072 0.002670 0.006237
0 0.317382 0.376788 0.003042 0.002720
0 0.042320 0.468209 0.010991 0.056062
0 0.017414 0.480834 0.019063 0.033043
0 0.158878 0.459202 0.007179 0.023615
0 0.173682 0.373715 0.004638 0.015470
0 0.246536 0.358567 0.002899 0.010701
0 0.027083 0.411962 0.004453 0.008168
0 0.030423 0.374740 0.004174 0.012809
0 0.255280 0.383707 0.001837 0.003224
0 0.059085 0.379660 0.003895 0.012997
0 0.302191 0.362178 0.003479 0.007092
0 0.124018 0.382546 0.005604 0.014053
0 0.304463 0.400143 0.002608 0.004641
0 0.017761 0.411868 0.009181 0.011322
0 0.071121 0.437023 0.010436 0.032303
0 0.164889 0.470564 0.008516 0.053464
0 0.089475 0.400143 0.004349 0.019339
0 0.798905 0.454559 0.010099 0.016039
0 0.049067 0.377433 0.005565 0.015220
0 0.309313 0.501192 0.016531 0.059924
0 0.054911 0.377988 0.003895 0.014109
0 0.313109 0.374877 0.002318 0.002839
