0 0.304980 0.434046 0.024162 0.066776
0 0.314842 0.442105 0.045365 0.050000
0 0.830005 0.604112 0.039694 0.010855
0 0.405202 0.323849 0.002712 0.008882
0 0.380794 0.355099 0.005671 0.014803
0 0.099482 0.396217 0.019477 0.076645
0 0.342579 0.400987 0.003698 0.006579
0 0.404586 0.359375 0.004438 0.016118
0 0.334566 0.401316 0.002959 0.007237
0 0.215607 0.413651 0.033777 0.018750
0 0.343565 0.347039 0.003698 0.011842
0 0.435528 0.334704 0.002712 0.007566
0 0.299186 0.364145 0.008629 0.019737
0 0.210552 0.353454 0.012327 0.016118
0 0.704142 0.551480 0.049803 0.039803
0 0.817184 0.498191 0.021450 0.070066
0 0.228674 0.345724 0.006657 0.009211
0 0.374260 0.359704 0.002959 0.005592
0 0.414571 0.350164 0.006164 0.006250
0 0.465607 0.364474 0.004191 0.013158
0 0.350222 0.312829 0.002219 0.008553
0 0.331484 0.359375 0.004684 0.016776
0 0.339620 0.369079 0.011588 0.023026
0 0.523545 0.364474 0.004191 0.006579
0 0.409147 0.345888 0.004684 0.014803
0 0.362303 0.320724 0.002712 0.007237
0 0.214744 0.397039 0.012327 0.036842
0 0.463388 0.341283 0.001726 0.002303
0 0.377219 0.317270 0.002959 0.005592
0 0.416420 0.322204 0.003452 0.012171
0 0.346031 0.312829 0.002219 0.009868
0 0.327539 0.457401 0.021450 0.011513
0 0.501972 0.314309 0.002465 0.004276
0 0.270340 0.378618 0.008136 0.027632
0 0.272436 0.325987 0.004438 0.016447
0 0.462771 0.355099 0.002465 0.003618
0 0.237179 0.411678 0.007396 0.019408
0 0.572239 0.492434 0.035996 0.049342
0 0.781558 0.433882 0.010355 0.009868
0 0.467332 0.346875 0.002712 0.004276
0 0.337771 0.323355 0.005917 0.006579
0 0.327663 0.321382 0.005424 0.007237
0 0.208457 0.393750 0.010108 0.013816
0 0.761711 0.380099 0.005178 0.006908
0 0.388314 0.355428 0.003945 0.014145
0 0.246179 0.347204 0.004684 0.011513
0 0.484837 0.384704 0.007150 0.006908
0 0.733358 0.422368 0.012081 0.028289
0 0.254438 0.356743 0.009862 0.014145
0 0.263683 0.324836 0.003698 0.015461
0 0.536859 0.504770 0.037229 0.043092
0 0.587032 0.392928 0.003945 0.006250
0 0.526874 0.488651 0.018738 0.012171
0 0.703526 0.541118 0.030325 0.073026
0 0.423447 0.311513 0.004191 0.005921
0 0.788585 0.492105 0.026381 0.078289
0 0.357125 0.316941 0.002712 0.011513
0 0.440459 0.322204 0.002712 0.008224
0 0.584320 0.319408 0.003945 0.003947
0 0.236193 0.348355 0.005917 0.023026
0 0.599236 0.379770 0.010108 0.027961
0 0.249507 0.335197 0.003945 0.016447
0 0.466346 0.315625 0.002712 0.008882
0 0.358481 0.332237 0.003452 0.013816
0 0.439226 0.336678 0.002219 0.004276
0 0.277367 0.348849 0.005424 0.019408
0 0.181953 0.353618 0.008383 0.010526
0 0.311637 0.350329 0.003945 0.010526
0 0.469798 0.315954 0.002219 0.008882
0 0.262327 0.390789 0.011834 0.013158
0 0.420735 0.334211 0.003205 0.012500
0 0.186144 0.394079 0.016765 0.026974
0 0.081361 0.390461 0.018738 0.080263
0 0.517382 0.346875 0.002219 0.003618
0 0.528600 0.498520 0.018245 0.031250
0 0.228427 0.428454 0.016026 0.015461
0 0.392012 0.319408 0.003452 0.012500
0 0.240754 0.366118 0.018984 0.005263
0 0.195759 0.340625 0.004931 0.022697
0 0.317308 0.452961 0.042899 0.020395
0 0.458580 0.315954 0.004438 0.006908
0 0.765409 0.584211 0.028846 0.032237
0 0.514053 0.310362 0.001972 0.002961
0 0.802761 0.427467 0.008876 0.021382
0 0.442801 0.335526 0.002465 0.007237
0 0.267628 0.432237 0.014546 0.026974
0 0.186267 0.329441 0.004191 0.016118
0 0.283284 0.358882 0.007396 0.010526
0 0.816691 0.595559 0.067801 0.028618
0 0.325197 0.388816 0.007396 0.034868
0 0.410626 0.360526 0.003698 0.013816
0 0.244453 0.321711 0.003698 0.015132
0 0.007150 0.456250 0.014300 0.025658
0 0.284393 0.348684 0.003205 0.017105
0 0.447732 0.316447 0.001972 0.004605
0 0.471770 0.348520 0.004684 0.006908
0 0.449581 0.347039 0.004684 0.007895
0 0.427145 0.437829 0.016519 0.053947
0 0.514670 0.318257 0.003698 0.006250
0 0.241617 0.346217 0.004931 0.018092
0 0.417160 0.342270 0.002959 0.012829
0 0.232865 0.388487 0.017998 0.026316
0 0.283407 0.430263 0.017012 0.052632
0 0.261834 0.325164 0.003452 0.014803
0 0.283284 0.405592 0.006410 0.009211
0 0.714374 0.346382 0.005671 0.022368
0 0.517751 0.357237 0.002959 0.005921
0 0.422584 0.374671 0.004931 0.005921
0 0.518491 0.365461 0.002959 0.004605
0 0.369206 0.356908 0.003698 0.011842
0 0.552515 0.476974 0.012327 0.023026
0 0.779832 0.434211 0.005424 0.009868
0 0.972510 0.471217 0.027367 0.030592
0 0.513930 0.378783 0.007150 0.020724
0 0.466716 0.304770 0.002465 0.008882
0 0.682076 0.373355 0.003698 0.005263
