0 0.066445 0.445888 0.018984 0.074013
0 0.829672 0.705740 0.044699 0.112138
0 0.112056 0.409211 0.019477 0.066447
0 0.897936 0.256317 0.005424 0.012365
0 0.941445 0.808717 0.070266 0.086513
0 0.961156 0.829704 0.077687 0.054474
0 0.023422 0.551809 0.027120 0.062171
0 0.844502 0.256250 0.004093 0.023026
0 0.680473 0.759704 0.080375 0.039145
0 0.903002 0.256750 0.005387 0.022355
0 0.848426 0.259201 0.003997 0.016980
0 0.003821 0.529934 0.007643 0.038158
0 0.357125 0.783553 0.073718 0.238158
0 0.908666 0.256743 0.004709 0.025329
0 0.837919 0.256743 0.004241 0.024013
0 0.862303 0.259211 0.005178 0.021711
0 0.280325 0.760197 0.061637 0.181579
0 0.890039 0.809375 0.055227 0.106908
0 0.501590 0.264638 0.006139 0.023355
0 0.079996 0.516220 0.021358 0.025980
0 0.755621 0.338997 0.022929 0.030822
0 0.771005 0.294388 0.010949 0.007724
0 0.722880 0.279605 0.008383 0.030921
0 0.765301 0.289553 0.012327 0.015770
0 0.850764 0.257401 0.003748 0.022039
0 0.526874 0.264309 0.005424 0.023355
0 0.883247 0.257368 0.005646 0.022632
