0 0.696252 0.773849 0.002959 0.004276
0 0.186563 0.362582 0.008235 0.017270
0 0.395340 0.449013 0.010108 0.040132
0 0.583950 0.325954 0.001726 0.002566
0 0.296647 0.447087 0.017850 0.018451
0 0.259357 0.359441 0.007372 0.011579
0 0.506780 0.369901 0.004684 0.011513
0 0.339029 0.429276 0.018787 0.060526
0 0.167780 0.342322 0.008819 0.016934
0 0.953772 0.444243 0.012081 0.016776
0 0.587537 0.326168 0.001997 0.002993
0 0.917283 0.443257 0.007643 0.021382
0 0.937747 0.442763 0.018491 0.019737
0 0.213147 0.343676 0.002542 0.007135
0 0.221092 0.375822 0.008703 0.030592
0 0.315619 0.358224 0.007816 0.025000
0 0.236080 0.353344 0.007717 0.009701
0 0.326208 0.427007 0.008826 0.038750
0 0.209278 0.377306 0.010291 0.020520
0 0.185539 0.375635 0.006092 0.020375
0 0.988905 0.445724 0.012821 0.023026
0 0.339884 0.316727 0.002465 0.010526
0 0.388560 0.445855 0.008876 0.046447
0 0.254364 0.361349 0.005276 0.006908
0 0.403353 0.440806 0.014793 0.057204
0 0.249926 0.436793 0.018097 0.033454
0 0.961415 0.443257 0.007150 0.013487
0 0.200382 0.372105 0.011958 0.030789
0 0.219444 0.348365 0.011408 0.014257
