0 0.806768 0.526929 0.019236 0.084687
0 0.257327 0.340326 0.005153 0.021020
0 0.299476 0.339686 0.003607 0.018760
0 0.383953 0.324363 0.003533 0.009135
0 0.411963 0.345530 0.005809 0.014533
0 0.226275 0.388572 0.012613 0.036776
0 0.280408 0.334579 0.003903 0.010316
0 0.624861 0.297972 0.001585 0.003793
0 0.477687 0.310273 0.001864 0.007355
0 0.428534 0.419868 0.015338 0.026329
0 0.263476 0.321122 0.004048 0.015816
0 0.472618 0.314548 0.005321 0.008549
0 0.439583 0.306383 0.002387 0.011141
0 0.420562 0.370418 0.005459 0.008105
0 0.253563 0.318645 0.004453 0.011882
0 0.137851 0.321898 0.003711 0.009336
0 0.475658 0.481722 0.011016 0.013280
0 0.550936 0.321470 0.004426 0.004289
0 0.212441 0.396352 0.010390 0.050072
0 0.306064 0.362867 0.010308 0.017385
0 0.498655 0.323900 0.001709 0.002385
0 0.566712 0.506655 0.055234 0.028217
0 0.290826 0.319551 0.004122 0.015030
0 0.382591 0.339293 0.001987 0.004618
0 0.459672 0.335967 0.005335 0.007039
0 0.489763 0.348939 0.004172 0.007286
0 0.368701 0.449252 0.024808 0.017536
0 0.227123 0.428319 0.036785 0.015842
0 0.393060 0.317553 0.002387 0.011651
0 0.486171 0.308021 0.001672 0.009273
0 0.134883 0.320554 0.003711 0.009760
0 0.410677 0.332074 0.002355 0.011003
0 0.326861 0.313609 0.003462 0.014145
0 0.318211 0.326278 0.002946 0.013359
0 0.373352 0.324855 0.002946 0.008151
0 0.503389 0.484686 0.014687 0.006832
0 0.355757 0.325395 0.003240 0.011980
0 0.451942 0.344275 0.002271 0.003359
0 0.354543 0.332959 0.003607 0.006089
0 0.515594 0.325926 0.001746 0.002418
0 0.205380 0.354076 0.012401 0.011454
0 0.423926 0.309112 0.002512 0.007388
0 0.410224 0.368913 0.004877 0.007635
0 0.555433 0.323398 0.002330 0.003296
0 0.359916 0.351964 0.004344 0.016401
0 0.189691 0.362490 0.007103 0.006507
0 0.858581 0.531740 0.029573 0.103934
0 0.425473 0.341748 0.003240 0.011885
0 0.822276 0.590444 0.095932 0.025020
0 0.461084 0.341000 0.004110 0.009250
0 0.228499 0.418340 0.010064 0.012602
0 0.411044 0.330946 0.003829 0.013260
0 0.507832 0.357331 0.004480 0.004747
0 0.257075 0.331488 0.004189 0.005707
0 0.440604 0.308809 0.001790 0.010296
0 0.585323 0.304094 0.002283 0.003109
0 0.421977 0.341750 0.005523 0.014046
0 0.384284 0.344646 0.004638 0.010016
0 0.466965 0.301058 0.002165 0.007161
0 0.457679 0.354998 0.006625 0.012687
0 0.250011 0.319847 0.004347 0.015418
0 0.196368 0.372109 0.026607 0.011316
0 0.494066 0.479465 0.030242 0.015984
0 0.298372 0.320041 0.003903 0.011885
0 0.623253 0.297753 0.001536 0.003355
0 0.390248 0.318832 0.003153 0.005000
0 0.279545 0.407738 0.006995 0.037484
0 0.308346 0.320632 0.003974 0.005204
0 0.307373 0.409860 0.010496 0.042859
0 0.215397 0.352993 0.004660 0.003421
0 0.144106 0.324161 0.005407 0.015559
0 0.391351 0.327850 0.004048 0.005694
0 0.829490 0.534627 0.029093 0.104576
0 0.510298 0.486684 0.054591 0.021914
0 0.282433 0.326475 0.005301 0.015714
0 0.399339 0.344498 0.004270 0.004812
0 0.777960 0.371829 0.007305 0.033572
0 0.359475 0.333941 0.002283 0.009428
0 0.476847 0.426212 0.006134 0.009549
0 0.421881 0.309168 0.002002 0.007730
0 0.512924 0.355406 0.005828 0.010234
0 0.230557 0.346368 0.016538 0.012164
0 0.172887 0.328900 0.003605 0.010609
0 0.277978 0.338016 0.004931 0.020138
0 0.404967 0.318349 0.003622 0.012336
0 0.417648 0.368332 0.006011 0.007039
0 0.210520 0.350681 0.003605 0.005513
0 0.292849 0.413255 0.017917 0.019944
0 0.529734 0.301919 0.001908 0.007214
0 0.308126 0.353438 0.006183 0.013651
0 0.379941 0.323577 0.003609 0.015030
0 0.535629 0.322188 0.001864 0.002612
0 0.274004 0.325296 0.003314 0.012178
0 0.379111 0.386097 0.007527 0.006365
0 0.560651 0.322156 0.001677 0.002674
0 0.174742 0.356834 0.010284 0.014707
0 0.366837 0.340275 0.005079 0.014635
0 0.211485 0.420964 0.026714 0.011316
0 0.516232 0.299651 0.001408 0.005013
0 0.452167 0.305987 0.004226 0.003362
0 0.251807 0.330304 0.005449 0.016109
0 0.274087 0.414809 0.009647 0.064355
0 0.471320 0.322400 0.003055 0.002937
0 0.389850 0.458367 0.022579 0.018543
0 0.153009 0.329961 0.007527 0.022632
0 0.454615 0.338012 0.003131 0.002319
0 0.243650 0.323525 0.005407 0.009760
0 0.148713 0.321467 0.003807 0.009039
0 0.444659 0.307952 0.001733 0.008727
0 0.468844 0.342350 0.002456 0.004582
0 0.230862 0.326867 0.005668 0.020234
0 0.532064 0.322248 0.002096 0.002365
0 0.391093 0.333842 0.004712 0.006875
0 0.257659 0.320582 0.003903 0.013553
0 0.553755 0.323740 0.002051 0.002737
0 0.380714 0.341944 0.003237 0.011099
