0 0.522806 0.372368 0.004684 0.008553
0 0.787229 0.295395 0.001479 0.005921
0 0.462857 0.315724 0.003131 0.009737
0 0.398982 0.310533 0.002678 0.009461
0 0.311267 0.622697 0.063363 0.210526
0 0.910010 0.536842 0.028107 0.025000
0 0.782668 0.305428 0.001726 0.004276
0 0.217205 0.373931 0.018232 0.021868
0 0.693664 0.500329 0.019477 0.076316
0 0.245562 0.425461 0.039448 0.009605
0 0.344428 0.326480 0.004931 0.013487
0 0.382027 0.616612 0.058432 0.227961
0 0.438395 0.316599 0.003087 0.004849
0 0.150394 0.323355 0.004931 0.021711
0 0.253280 0.359431 0.007000 0.018178
0 0.358309 0.438421 0.010897 0.053816
0 0.271179 0.396053 0.007446 0.033553
0 0.432960 0.310362 0.003050 0.008618
0 0.133876 0.320559 0.005917 0.021382
0 0.677355 0.504459 0.028969 0.061806
0 0.212167 0.375477 0.016050 0.020757
0 0.310035 0.398026 0.009615 0.024342
0 0.252617 0.409424 0.028750 0.014033
0 0.435664 0.316234 0.002493 0.005362
0 0.435112 0.310655 0.003508 0.010467
0 0.190890 0.364803 0.012451 0.036842
0 0.188036 0.336962 0.004312 0.006174
0 0.486243 0.433553 0.015878 0.052632
0 0.336526 0.367763 0.007865 0.020395
0 0.323348 0.368914 0.006657 0.018092
0 0.257570 0.331541 0.005698 0.012641
0 0.278909 0.323750 0.003577 0.009020
0 0.180806 0.449507 0.025962 0.112829
0 0.431122 0.309923 0.002959 0.009168
0 0.470535 0.320515 0.006208 0.003411
0 0.219428 0.517599 0.036489 0.166118
0 0.533900 0.371546 0.006164 0.009539
0 0.231071 0.335294 0.005284 0.015240
0 0.595784 0.374013 0.002712 0.004605
0 0.961292 0.438158 0.006903 0.008553
0 0.267124 0.395859 0.004998 0.030638
0 0.234650 0.416207 0.018407 0.012395
0 0.267713 0.359064 0.013045 0.008562
0 0.248192 0.390127 0.010081 0.022220
0 0.475345 0.317599 0.002465 0.008882
0 0.276627 0.335411 0.004931 0.010954
0 0.482544 0.779934 0.080276 0.355263
0 0.542660 0.305653 0.001997 0.004911
0 0.591223 0.374507 0.005424 0.005592
0 0.227552 0.338010 0.007076 0.016678
0 0.516272 0.373191 0.005917 0.007566
0 0.956013 0.955868 0.087973 0.088263
0 0.262204 0.340954 0.005671 0.009539
0 0.427865 0.309382 0.002327 0.009855
0 0.330562 0.441345 0.011963 0.020993
0 0.386489 0.458059 0.017554 0.019408
0 0.254093 0.388520 0.013609 0.024539
0 0.250009 0.360607 0.007872 0.016155
0 0.402207 0.456997 0.037342 0.125987
0 0.268491 0.341118 0.005424 0.009211
0 0.502165 0.300600 0.002209 0.004352
0 0.121672 0.329276 0.015039 0.018421
0 0.304736 0.326016 0.002944 0.015717
