0 0.452786 0.339638 0.003698 0.009539
0 0.321499 0.372204 0.008383 0.016118
0 0.513536 0.372549 0.004980 0.013520
0 0.553624 0.320888 0.002219 0.005592
0 0.544649 0.497969 0.010308 0.025964
0 0.517751 0.362829 0.003452 0.006579
0 0.563328 0.309224 0.002017 0.003276
0 0.548570 0.397204 0.008383 0.022697
0 0.449294 0.311676 0.002483 0.007701
0 0.758111 0.373344 0.003491 0.004365
0 0.367604 0.331250 0.003452 0.013816
0 0.568246 0.312031 0.001842 0.002339
0 0.263963 0.327847 0.003661 0.015661
0 0.428008 0.311349 0.002465 0.012171
0 0.255002 0.357151 0.005173 0.011618
0 0.301282 0.330263 0.002959 0.009868
0 0.519107 0.375164 0.005178 0.005592
0 0.883321 0.565296 0.022066 0.118750
0 0.249548 0.429133 0.014909 0.016405
0 0.271450 0.338980 0.008383 0.012171
0 0.373891 0.442599 0.020957 0.071382
0 0.636361 0.381112 0.003506 0.005145
0 0.566296 0.364360 0.002266 0.005069
0 0.688609 0.337993 0.004931 0.006908
0 0.182939 0.357566 0.006410 0.009868
0 0.479442 0.340378 0.004209 0.005480
0 0.261293 0.363817 0.009864 0.009543
0 0.715860 0.341701 0.002806 0.003743
0 0.458826 0.316283 0.003452 0.007566
0 0.490489 0.344368 0.003533 0.004717
0 0.430843 0.311842 0.002219 0.010526
0 0.281805 0.340132 0.006410 0.015132
0 0.818635 0.531212 0.012867 0.038997
0 0.362796 0.331250 0.003698 0.014474
0 0.419403 0.365803 0.004995 0.004796
0 0.872658 0.364967 0.007643 0.021382
0 0.208642 0.424359 0.022017 0.023651
0 0.542041 0.477975 0.014586 0.034438
0 0.484031 0.332197 0.001711 0.003237
0 0.447485 0.369901 0.005424 0.014145
0 0.388560 0.361184 0.003452 0.005263
0 0.235337 0.321298 0.005175 0.009431
0 0.239755 0.311783 0.002902 0.007914
0 0.363569 0.364393 0.004120 0.005253
0 0.575777 0.506974 0.038782 0.015000
0 0.898040 0.556727 0.026898 0.121349
0 0.278156 0.445855 0.037081 0.043026
0 0.337525 0.351809 0.003945 0.016776
0 0.352811 0.316118 0.003452 0.014474
0 0.461091 0.308558 0.002557 0.007701
0 0.217072 0.340393 0.004544 0.006063
0 0.462245 0.336845 0.002621 0.003724
0 0.411243 0.336184 0.004438 0.012500
0 0.536366 0.321053 0.002219 0.007237
0 0.378452 0.366776 0.007890 0.019737
0 0.458703 0.366776 0.006164 0.009211
0 0.427145 0.358882 0.005178 0.014474
0 0.908703 0.617500 0.048176 0.074474
0 0.232618 0.409046 0.012574 0.015461
0 0.550662 0.311913 0.002103 0.003273
0 0.775148 0.484046 0.015286 0.052961
0 0.673348 0.409539 0.011391 0.018421
0 0.948225 0.492928 0.014300 0.047697
0 0.467456 0.306250 0.001972 0.007237
0 0.419625 0.354770 0.005917 0.005592
0 0.411612 0.351645 0.005671 0.013158
0 0.350468 0.346217 0.003698 0.015461
0 0.475658 0.344031 0.004167 0.006062
0 0.510478 0.463487 0.019477 0.028289
0 0.334443 0.358882 0.004684 0.019737
0 0.432076 0.362500 0.004191 0.007895
0 0.715361 0.388331 0.005234 0.004655
0 0.500939 0.489919 0.051371 0.044122
0 0.370069 0.439918 0.028600 0.042993
0 0.373891 0.318092 0.002219 0.007895
0 0.369576 0.348026 0.004438 0.012500
0 0.539745 0.519257 0.041714 0.046882
0 0.628603 0.334390 0.003420 0.005497
0 0.478436 0.344368 0.003661 0.006737
0 0.245685 0.332237 0.005671 0.013158
0 0.505054 0.515135 0.030819 0.046638
0 0.497041 0.367105 0.004438 0.010526
0 0.456662 0.354304 0.002776 0.003707
0 0.327786 0.369901 0.007150 0.027961
0 0.638190 0.402138 0.007150 0.018092
0 0.211722 0.399005 0.017779 0.007253
0 0.261627 0.328521 0.004038 0.013977
0 0.506903 0.367434 0.005424 0.009868
0 0.377366 0.329423 0.001827 0.005168
0 0.287229 0.341612 0.005917 0.012171
0 0.456484 0.307895 0.002219 0.009211
0 0.380794 0.320066 0.002219 0.005921
0 0.530233 0.314707 0.002182 0.002618
0 0.828895 0.557401 0.032544 0.107566
0 0.459021 0.452783 0.006464 0.034145
0 0.515431 0.485474 0.021593 0.018579
0 0.432931 0.312554 0.002337 0.010234
0 0.684048 0.338322 0.004191 0.006908
0 0.257256 0.387829 0.009147 0.016447
0 0.443417 0.314803 0.002712 0.004605
0 0.397436 0.320559 0.002959 0.003618
0 0.212359 0.391043 0.014088 0.016368
0 0.970784 0.937500 0.058432 0.125000
0 0.762204 0.393257 0.009615 0.016776
0 0.319773 0.349342 0.004438 0.021711
0 0.288072 0.433865 0.025641 0.068421
0 0.442308 0.342270 0.004438 0.005592
0 0.332101 0.347533 0.006410 0.015461
0 0.374906 0.330202 0.002263 0.006240
0 0.506410 0.355757 0.001972 0.003618
0 0.524413 0.354033 0.004675 0.005421
0 0.822732 0.932072 0.117357 0.135855
0 0.486933 0.359868 0.003452 0.004605
0 0.489543 0.317255 0.001891 0.002694
0 0.452293 0.316118 0.003205 0.007237
0 0.185750 0.396168 0.014990 0.026546
0 0.350148 0.325164 0.004043 0.015461
0 0.474318 0.338788 0.003400 0.004872
0 0.406344 0.328730 0.003506 0.010816
0 0.565089 0.403454 0.007890 0.025329
0 0.682537 0.415102 0.007199 0.005237
0 0.464048 0.336469 0.002179 0.003977
0 0.471031 0.326151 0.003205 0.008224
0 0.465853 0.365954 0.005178 0.012171
0 0.267875 0.326974 0.003698 0.013816
0 0.606016 0.410197 0.005917 0.003289
0 0.502589 0.342599 0.002712 0.004934
0 0.295858 0.320724 0.003452 0.006579
0 0.498397 0.354276 0.002712 0.005921
0 0.568947 0.361184 0.004117 0.005921
0 0.937784 0.593437 0.040754 0.058520
0 0.217781 0.381016 0.011893 0.034401
0 0.389793 0.348355 0.003945 0.013816
0 0.483838 0.475184 0.007571 0.017349
0 0.471154 0.336842 0.002465 0.003289
0 0.334061 0.451678 0.023644 0.034934
0 0.327293 0.353289 0.003698 0.010526
0 0.359201 0.337901 0.003141 0.005849
0 0.470907 0.310691 0.001972 0.007566
0 0.293687 0.416850 0.014643 0.025260
0 0.710733 0.341872 0.003592 0.003618
0 0.488849 0.326939 0.002525 0.006569
0 0.371672 0.361842 0.003698 0.016447
0 0.533025 0.403322 0.005449 0.018487
0 0.572621 0.361362 0.002737 0.005105
0 0.183925 0.346546 0.007890 0.018092
0 0.699704 0.567270 0.032051 0.014145
0 0.580128 0.402961 0.006903 0.019737
0 0.577170 0.456743 0.009862 0.047697
0 0.385491 0.401168 0.003180 0.004901
0 0.391889 0.324178 0.002712 0.008224
0 0.345537 0.404934 0.008136 0.028289
0 0.747041 0.393421 0.009862 0.017763
0 0.221723 0.423242 0.015429 0.020424
0 0.539670 0.320016 0.002416 0.006217
0 0.778500 0.398946 0.017655 0.008424
0 0.446869 0.349013 0.002712 0.011842
0 0.904093 0.445066 0.009369 0.018421
0 0.181829 0.331086 0.004191 0.013487
0 0.474852 0.368586 0.004438 0.016776
0 0.224230 0.317592 0.009465 0.008421
0 0.230966 0.384556 0.011440 0.015559
0 0.764545 0.375380 0.005017 0.006694
0 0.883383 0.448355 0.009862 0.011184
0 0.633336 0.335969 0.002017 0.002339
0 0.494024 0.328622 0.002525 0.002862
0 0.528487 0.314125 0.001309 0.002039
