0 0.607225 0.287214 0.008765 0.023625
0 0.149199 0.789161 0.077342 0.094770
0 0.060822 0.811260 0.048420 0.133046
0 0.847633 0.298174 0.009862 0.037796
0 0.698929 0.278854 0.006437 0.013365
0 0.520668 0.265053 0.003945 0.024211
0 0.561391 0.266612 0.004931 0.026645
0 0.428378 0.920559 0.124507 0.158224
0 0.603871 0.287434 0.009517 0.025526
0 0.695280 0.278860 0.004820 0.011641
0 0.513326 0.263503 0.005794 0.027007
0 0.547522 0.266941 0.004315 0.025329
0 0.517850 0.263980 0.004142 0.025987
0 0.895920 0.257056 0.006977 0.019375
0 0.507282 0.263174 0.006181 0.028980
0 0.550295 0.269087 0.004120 0.021516
0 0.856817 0.253454 0.005547 0.024671
0 0.558062 0.266612 0.005178 0.026645
0 0.702922 0.279243 0.011415 0.012303
0 0.662722 0.962007 0.095168 0.075987
