0 0.437412 0.309076 0.003084 0.007007
0 0.729660 0.317270 0.002219 0.002961
0 0.322636 0.365059 0.004931 0.022711
0 0.382340 0.316245 0.002707 0.010957
0 0.526630 0.376016 0.004236 0.005599
0 0.328852 0.310635 0.002872 0.010770
0 0.478920 0.368914 0.004684 0.004934
0 0.823348 0.492763 0.021943 0.073026
0 0.451146 0.313564 0.003087 0.005102
0 0.312747 0.349671 0.006164 0.011184
0 0.347263 0.361464 0.005178 0.013717
0 0.321697 0.346122 0.006314 0.019743
0 0.335431 0.363383 0.006257 0.019155
0 0.169995 0.492434 0.019970 0.048026
0 0.250000 0.409046 0.028107 0.022697
0 0.249014 0.352796 0.010848 0.009539
0 0.539818 0.376645 0.005671 0.004605
0 0.241801 0.405648 0.015944 0.015987
0 0.333681 0.310632 0.002756 0.009539
0 0.273176 0.373191 0.010848 0.010197
0 0.255671 0.344737 0.006410 0.021711
0 0.325143 0.362572 0.005917 0.025000
0 0.510471 0.299949 0.002051 0.007523
0 0.343072 0.348355 0.007643 0.020395
0 0.330377 0.318812 0.003989 0.008296
0 0.206238 0.341447 0.004684 0.024342
0 0.763930 0.316447 0.003698 0.003947
0 0.472263 0.365789 0.005671 0.013158
0 0.215237 0.479276 0.037968 0.122368
0 0.329882 0.369901 0.004931 0.028618
0 0.505668 0.316332 0.002175 0.005033
0 0.456114 0.310691 0.002465 0.010855
