0 0.219936 0.409916 0.009566 0.009799
0 0.458942 0.378280 0.004250 0.005928
0 0.439715 0.331419 0.007729 0.006576
0 0.374736 0.344762 0.005316 0.009280
0 0.246468 0.431972 0.011787 0.025655
0 0.264151 0.435324 0.016812 0.040609
0 0.572850 0.363212 0.002505 0.003155
0 0.245647 0.349789 0.006087 0.007480
0 0.200524 0.357525 0.006861 0.014181
0 0.220429 0.348887 0.003383 0.019339
0 0.311677 0.416799 0.011479 0.025217
0 0.425942 0.464061 0.010202 0.020418
0 0.748079 0.555286 0.061070 0.058059
0 0.491939 0.379569 0.006087 0.006704
0 0.294248 0.354107 0.004541 0.018951
0 0.164675 0.380441 0.008777 0.009559
0 0.492438 0.501033 0.027480 0.043316
0 0.315676 0.443711 0.017392 0.032349
0 0.204824 0.384918 0.009278 0.024882
0 0.246275 0.407865 0.009857 0.016888
0 0.990290 0.497801 0.019421 0.041582
0 0.324686 0.389109 0.007246 0.027586
0 0.187239 0.409026 0.014300 0.019980
0 0.408492 0.466072 0.005683 0.008664
0 0.224148 0.342054 0.004638 0.016760
0 0.283475 0.431974 0.013528 0.019980
0 0.429714 0.322074 0.002801 0.008766
0 0.349806 0.380086 0.009371 0.014954
0 0.527340 0.488270 0.020291 0.071316
0 0.330518 0.438998 0.015306 0.036201
0 0.337729 0.342765 0.004926 0.006832
0 0.345243 0.431572 0.010436 0.054145
0 0.197432 0.372543 0.008213 0.024882
0 0.228926 0.342957 0.004549 0.013664
0 0.267977 0.369141 0.004135 0.008428
0 0.292027 0.378086 0.007441 0.031586
0 0.200717 0.402258 0.012273 0.037128
0 0.206709 0.344505 0.005508 0.018306
0 0.538760 0.487653 0.009043 0.066365
0 0.312414 0.334900 0.004157 0.007089
0 0.356861 0.383243 0.003575 0.003737
0 0.308791 0.378732 0.008311 0.031326
0 0.301930 0.332062 0.003284 0.009928
0 0.188012 0.363262 0.005219 0.012503
0 0.333333 0.364164 0.003866 0.011217
0 0.490393 0.334125 0.002221 0.007349
