0 0.113782 0.422368 0.006657 0.011842
0 0.090434 0.524671 0.036588 0.040132
0 0.217649 0.362434 0.002522 0.008224
0 0.646450 0.358224 0.002959 0.011184
0 0.038955 0.418044 0.007396 0.015227
0 0.018185 0.409712 0.002840 0.011227
0 0.482372 0.562632 0.025394 0.093158
0 0.074951 0.453783 0.013314 0.043092
0 0.463198 0.588581 0.024083 0.042641
0 0.396355 0.579484 0.051127 0.054211
0 0.237377 0.400806 0.003057 0.003586
0 0.355769 0.507401 0.015779 0.064145
0 0.115428 0.423044 0.002734 0.007016
0 0.095044 0.456086 0.011095 0.041776
0 0.939361 0.499556 0.027096 0.049112
0 0.330375 0.452467 0.009369 0.020066
0 0.457840 0.428454 0.003945 0.006908
0 0.341716 0.451727 0.010355 0.020230
0 0.386797 0.578207 0.041790 0.042336
0 0.063335 0.426630 0.006965 0.008688
0 0.096400 0.384375 0.004438 0.013487
0 0.118690 0.391959 0.003997 0.004069
0 0.024001 0.411891 0.010182 0.013717
0 0.427194 0.562007 0.026479 0.033224
0 0.094339 0.419255 0.004103 0.014312
0 0.099236 0.418257 0.007643 0.016118
0 0.583580 0.562500 0.026627 0.024342
0 0.477441 0.583717 0.018984 0.067434
0 0.336415 0.452632 0.006164 0.018421
0 0.440582 0.536020 0.011341 0.048355
0 0.338634 0.523191 0.025394 0.035855
0 0.526750 0.425493 0.005178 0.006250
0 0.390779 0.536184 0.019724 0.075658
0 0.062764 0.430263 0.014867 0.019079
0 0.899285 0.559375 0.025838 0.106250
0 0.318171 0.512171 0.017012 0.039474
0 0.371598 0.527993 0.021598 0.044145
