0 0.169613 0.323684 0.002983 0.017105
0 0.342579 0.328783 0.003205 0.016118
0 0.639423 0.399507 0.003698 0.004934
0 0.265192 0.384839 0.007535 0.017480
0 0.185528 0.336349 0.007643 0.020724
0 0.609683 0.338352 0.002404 0.002836
0 0.388560 0.310526 0.002959 0.008553
0 0.512568 0.430844 0.005959 0.009023
0 0.559172 0.367434 0.003452 0.005921
0 0.321906 0.372697 0.014127 0.017763
0 0.129191 0.448684 0.016272 0.101316
0 0.210059 0.324342 0.003945 0.009211
0 0.362340 0.332566 0.002638 0.015789
0 0.264793 0.366283 0.006410 0.023355
0 0.284887 0.350987 0.003698 0.013816
0 0.086169 0.588322 0.032791 0.072039
0 0.242604 0.328947 0.003945 0.013158
0 0.988042 0.628947 0.023915 0.044737
0 0.332717 0.369408 0.006657 0.025000
0 0.503698 0.479770 0.037475 0.037829
0 0.912106 0.580592 0.076183 0.038158
0 0.267375 0.430717 0.020353 0.051987
0 0.248767 0.398257 0.007396 0.018224
0 0.518645 0.322242 0.001610 0.001826
0 0.235947 0.425329 0.017751 0.023684
0 0.181953 0.361513 0.007890 0.022368
0 0.688116 0.529934 0.032544 0.041447
0 0.234961 0.328618 0.003945 0.015132
0 0.320883 0.323026 0.007150 0.007237
0 0.951430 0.300000 0.001972 0.004605
0 0.698102 0.373191 0.003205 0.004276
0 0.122904 0.326480 0.006657 0.018750
0 0.599112 0.503783 0.042899 0.028618
0 0.192924 0.332895 0.003698 0.013816
0 0.221647 0.717763 0.069034 0.083553
0 0.263930 0.348684 0.004191 0.012500
0 0.994822 0.451645 0.009369 0.028947
0 0.464899 0.342868 0.002495 0.003974
0 0.349359 0.378289 0.008876 0.030263
0 0.433178 0.404411 0.004191 0.005921
0 0.116048 0.299260 0.003131 0.007579
0 0.360229 0.333003 0.002628 0.014921
0 0.498767 0.327138 0.003945 0.005592
0 0.357125 0.314967 0.002712 0.006250
0 0.353920 0.314474 0.002712 0.005921
0 0.163854 0.358232 0.006376 0.021503
0 0.269451 0.389485 0.007004 0.033924
0 0.284406 0.408289 0.013042 0.045526
0 0.455991 0.313322 0.002712 0.009539
0 0.185404 0.441776 0.026134 0.104605
0 0.229393 0.367434 0.003738 0.008553
0 0.372785 0.461340 0.007793 0.016148
0 0.433653 0.339158 0.002014 0.003224
0 0.209689 0.305263 0.003205 0.011842
0 0.268121 0.350164 0.004684 0.009539
0 0.363166 0.380592 0.012327 0.026974
0 0.420365 0.310691 0.003452 0.004934
0 0.404956 0.335839 0.003205 0.009901
0 0.114426 0.297944 0.002668 0.009283
0 0.545419 0.327720 0.002175 0.003329
0 0.338388 0.328454 0.003205 0.016118
0 0.310651 0.330099 0.003452 0.006908
0 0.303008 0.353125 0.006903 0.027303
0 0.547069 0.327936 0.001450 0.002470
0 0.569896 0.367105 0.004684 0.004605
0 0.449581 0.311513 0.002712 0.011184
0 0.947485 0.301480 0.003945 0.006250
0 0.456114 0.337500 0.002959 0.006579
0 0.821746 0.341612 0.001972 0.002961
0 0.384615 0.308717 0.002465 0.010197
0 0.141382 0.331206 0.003711 0.004641
0 0.335182 0.327961 0.003698 0.016447
0 0.377305 0.460691 0.045192 0.015461
0 0.630362 0.304211 0.001356 0.001447
0 0.201800 0.396053 0.014546 0.050000
0 0.276257 0.320066 0.004684 0.012500
0 0.501603 0.455099 0.018984 0.067434
0 0.373644 0.318092 0.002712 0.011184
0 0.376972 0.317599 0.002959 0.011513
0 0.173447 0.321875 0.003698 0.011513
0 0.205991 0.306086 0.003205 0.010197
0 0.229906 0.403454 0.007643 0.019408
0 0.452017 0.339324 0.001691 0.003332
0 0.723945 0.337428 0.003698 0.006579
0 0.484708 0.334972 0.002818 0.003010
0 0.271696 0.320724 0.003945 0.009868
0 0.385170 0.394638 0.006534 0.028487
0 0.336662 0.440461 0.017012 0.004605
0 0.105769 0.426316 0.027613 0.082895
0 0.462155 0.315461 0.001726 0.005263
0 0.274408 0.407730 0.010848 0.039803
0 0.459283 0.357171 0.004364 0.008026
0 0.345661 0.328783 0.003452 0.015461
0 0.193540 0.364457 0.008876 0.029572
0 0.511802 0.329548 0.001770 0.002043
0 0.294379 0.355099 0.003945 0.006250
0 0.655449 0.524178 0.019477 0.043750
0 0.469675 0.315461 0.003945 0.009211
0 0.579302 0.324605 0.002786 0.003421
0 0.287475 0.324342 0.003945 0.010526
0 0.262061 0.383061 0.004985 0.016398
0 0.176898 0.322368 0.003698 0.011842
0 0.908284 0.533059 0.024162 0.097697
0 0.394477 0.480757 0.044379 0.046382
0 0.192308 0.320559 0.004438 0.008882
0 0.633259 0.517599 0.021450 0.049671
0 0.512070 0.428054 0.009687 0.008299
0 0.432261 0.338569 0.002786 0.004770
0 0.672030 0.317097 0.002784 0.004951
0 0.727453 0.337240 0.002465 0.005263
0 0.228427 0.331086 0.003205 0.010197
0 0.167159 0.318783 0.002552 0.006342
0 0.584689 0.398520 0.008136 0.022697
0 0.750251 0.339697 0.006410 0.005263
0 0.855646 0.532401 0.028846 0.087171
0 0.403846 0.309375 0.001972 0.006250
0 0.298077 0.327138 0.004931 0.017434
0 0.554487 0.367270 0.004931 0.006908
0 0.416667 0.308553 0.002465 0.009868
0 0.219536 0.338554 0.005108 0.010056
0 0.825007 0.596192 0.030296 0.061977
0 0.490138 0.344572 0.004931 0.004276
0 0.459196 0.337664 0.002219 0.005592
0 0.824260 0.400313 0.004339 0.003322
0 0.724068 0.533533 0.030217 0.041421
0 0.352071 0.448684 0.012327 0.073026
0 0.733194 0.337184 0.002744 0.003855
0 0.309665 0.369079 0.007890 0.015132
0 0.522632 0.329010 0.001531 0.002684
0 0.497658 0.343092 0.003205 0.006579
0 0.183523 0.368620 0.009433 0.031378
0 0.675789 0.317105 0.003452 0.003289
0 0.197732 0.326645 0.003452 0.014474
0 0.871425 0.602138 0.038708 0.074671
0 0.835980 0.342408 0.003153 0.001882
0 0.149162 0.450493 0.029586 0.112829
0 0.473866 0.341941 0.002465 0.003618
0 0.133208 0.327492 0.004522 0.006188
0 0.788306 0.340250 0.003945 0.005921
0 0.181336 0.325000 0.004684 0.011842
0 0.702749 0.346155 0.001874 0.003296
0 0.320636 0.433388 0.017505 0.024013
0 0.302996 0.422862 0.016790 0.023355
0 0.239421 0.415674 0.036593 0.022836
0 0.301220 0.449984 0.034393 0.036151
0 0.322362 0.364474 0.006657 0.017105
0 0.320229 0.447303 0.033111 0.037632
0 0.591716 0.499671 0.028600 0.020395
0 0.952416 0.637993 0.034517 0.047039
0 0.464916 0.358059 0.004586 0.005592
0 0.804253 0.341461 0.006435 0.006908
0 0.457101 0.313651 0.003452 0.011513
0 0.266149 0.317763 0.004684 0.012500
0 0.188363 0.325000 0.004931 0.015132
0 0.204512 0.350822 0.005671 0.020066
0 0.480118 0.334651 0.002175 0.003651
0 0.212401 0.321875 0.003698 0.009539
0 0.479660 0.309868 0.002712 0.007237
0 0.165557 0.670066 0.039694 0.068421
0 0.707282 0.345586 0.001561 0.001855
0 0.472140 0.341776 0.003452 0.003947
0 0.200690 0.324671 0.002465 0.011842
0 0.213634 0.395230 0.008629 0.022697
