0 0.468023 0.469572 0.015927 0.044408
0 0.205609 0.350186 0.003245 0.006701
0 0.127342 0.425000 0.025394 0.096711
0 0.423200 0.366612 0.007150 0.012171
0 0.255880 0.335847 0.005005 0.007714
0 0.649408 0.474671 0.023669 0.029605
0 0.313992 0.456908 0.019477 0.032237
0 0.197485 0.379112 0.007396 0.012829
0 0.587894 0.389474 0.006164 0.007237
0 0.422337 0.338980 0.003452 0.006908
0 0.463634 0.357730 0.002219 0.002961
0 0.481632 0.374671 0.002712 0.005921
0 0.172913 0.337541 0.005555 0.017155
0 0.092579 0.426645 0.025394 0.096711
0 0.561391 0.393750 0.005424 0.007237
0 0.330005 0.325493 0.003205 0.011513
0 0.210546 0.375969 0.004993 0.009510
0 0.215406 0.381862 0.018153 0.016934
0 0.489888 0.462959 0.008918 0.016444
0 0.392998 0.337500 0.002959 0.007895
0 0.487426 0.377467 0.004438 0.006250
0 0.398545 0.338980 0.004191 0.004934
0 0.185493 0.363033 0.007860 0.013671
0 0.498679 0.459799 0.004310 0.006921
0 0.119570 0.339664 0.007409 0.010539
0 0.186388 0.379620 0.006134 0.013201
0 0.181961 0.374702 0.004120 0.005260
0 0.504333 0.471062 0.024618 0.033599
0 0.553748 0.376151 0.005424 0.006250
0 0.047954 0.459539 0.021943 0.049342
0 0.199470 0.363959 0.006657 0.013181
0 0.458333 0.324507 0.001972 0.009539
0 0.407421 0.320888 0.001726 0.008882
0 0.439965 0.466118 0.014546 0.048684
0 0.720414 0.568750 0.051775 0.018421
0 0.261036 0.378056 0.006775 0.015467
0 0.398545 0.446875 0.017012 0.061513
0 0.221529 0.364791 0.006662 0.012852
0 0.489645 0.328289 0.001972 0.008553
0 0.542283 0.389474 0.005671 0.013816
0 0.418639 0.355757 0.004438 0.006908
0 0.547461 0.387664 0.005178 0.013487
0 0.203930 0.381507 0.007643 0.031579
0 0.467209 0.325822 0.002465 0.010855
0 0.252625 0.370398 0.008065 0.010914
0 0.509739 0.330921 0.001726 0.002632
0 0.285381 0.349640 0.005224 0.011510
0 0.433925 0.355921 0.004931 0.008553
0 0.428748 0.352961 0.003945 0.011842
0 0.553008 0.393257 0.003945 0.008882
0 0.216220 0.365400 0.004058 0.011503
0 0.257377 0.377296 0.014635 0.020342
0 0.471893 0.361842 0.004438 0.006579
0 0.183349 0.339189 0.006595 0.018339
0 0.412599 0.323684 0.002219 0.003947
0 0.211230 0.353572 0.012944 0.012105
0 0.007412 0.460613 0.014825 0.030589
0 0.109024 0.341783 0.007051 0.012816
