0 0.553008 0.367105 0.002465 0.003947
0 0.171228 0.466283 0.006657 0.025987
0 0.062732 0.437951 0.008205 0.032164
0 0.028305 0.441370 0.008084 0.016339
0 0.083033 0.399566 0.005542 0.014474
0 0.242488 0.361077 0.004601 0.007845
0 0.264916 0.443586 0.004191 0.005592
0 0.623274 0.461513 0.008876 0.031579
0 0.522350 0.470309 0.018195 0.008842
0 0.307446 0.353454 0.002465 0.006908
0 0.030198 0.473734 0.012779 0.020428
0 0.967949 0.433059 0.005917 0.008882
0 0.372511 0.533503 0.035944 0.047467
0 0.037385 0.450498 0.011571 0.020516
0 0.456731 0.402467 0.003698 0.004934
0 0.139411 0.520395 0.026898 0.017763
0 0.052406 0.452428 0.007396 0.029882
0 0.112303 0.382401 0.003698 0.012829
0 0.321129 0.386645 0.006164 0.015066
0 0.297584 0.399671 0.003452 0.007237
0 0.139053 0.373026 0.004438 0.016447
0 0.142567 0.496414 0.008358 0.021776
0 0.784640 0.501151 0.016026 0.051645
0 0.990631 0.566612 0.018245 0.087829
0 0.454265 0.444737 0.011588 0.018421
0 0.362611 0.549174 0.015902 0.048500
0 0.880301 0.457730 0.006164 0.010197
0 0.670907 0.432385 0.009270 0.016151
0 0.388240 0.565428 0.019083 0.043355
0 0.428871 0.442763 0.007643 0.023026
0 0.447362 0.443750 0.006657 0.018421
0 0.241987 0.413322 0.004684 0.006908
0 0.290187 0.399342 0.006410 0.011842
0 0.421598 0.404276 0.003945 0.005263
0 0.213141 0.603289 0.048077 0.158553
0 0.101331 0.386349 0.005424 0.021382
0 0.817061 0.448520 0.010848 0.016118
0 0.226824 0.413487 0.004438 0.011842
0 0.772996 0.473148 0.007150 0.021053
0 0.040652 0.487727 0.019090 0.028822
0 0.314300 0.509786 0.019625 0.030099
0 0.915311 0.464803 0.012081 0.009868
0 0.175789 0.410526 0.005917 0.015789
0 0.048455 0.469252 0.016304 0.026562
0 0.886464 0.456579 0.007150 0.012500
0 0.073102 0.389638 0.004191 0.013487
0 0.533900 0.451151 0.005671 0.008224
0 0.229660 0.501809 0.015533 0.018750
0 0.948595 0.453947 0.006657 0.011184
0 0.752465 0.484375 0.014300 0.049013
0 0.499868 0.367906 0.003420 0.004444
0 0.183309 0.418092 0.004684 0.013158
0 0.780695 0.452796 0.008629 0.007566
0 0.940828 0.462336 0.009862 0.016118
0 0.780121 0.470707 0.012821 0.026316
0 0.357126 0.350600 0.001753 0.003510
0 0.769933 0.487041 0.013560 0.031905
0 0.741617 0.495724 0.019231 0.054605
0 0.678932 0.527730 0.021080 0.073487
0 0.330991 0.420559 0.010108 0.011513
0 0.739645 0.607237 0.029093 0.112500
0 0.083200 0.424207 0.006736 0.027164
0 0.466963 0.450329 0.004438 0.007237
0 0.261644 0.514831 0.017638 0.026984
0 0.037106 0.400493 0.005178 0.016118
0 0.394601 0.423849 0.010602 0.008224
0 0.276504 0.363158 0.003205 0.009211
0 0.301159 0.544041 0.032643 0.049484
0 0.462648 0.450164 0.004191 0.005592
0 0.091346 0.635526 0.046598 0.198026
0 0.420488 0.467730 0.009122 0.034803
0 0.876370 0.562525 0.014657 0.033523
0 0.163360 0.520903 0.023629 0.021016
0 0.223619 0.377961 0.004931 0.007237
0 0.050542 0.657237 0.056213 0.211184
0 0.252712 0.359211 0.003452 0.009211
0 0.258147 0.505908 0.013785 0.023039
0 0.429575 0.337669 0.001654 0.003609
0 0.248274 0.368914 0.004931 0.006250
0 0.284270 0.401480 0.004438 0.008224
0 0.865922 0.607408 0.035010 0.116908
0 0.963757 0.522697 0.014300 0.018421
0 0.270464 0.434868 0.007890 0.025000
0 0.104043 0.407401 0.006903 0.022697
0 0.223743 0.471053 0.011095 0.045395
0 0.253082 0.404770 0.006657 0.009539
0 0.788338 0.419079 0.008136 0.019737
0 0.218195 0.376645 0.004438 0.007237
0 0.323225 0.419572 0.006410 0.011513
0 0.857249 0.447961 0.013314 0.026184
0 0.354598 0.513964 0.009985 0.012796
0 0.673397 0.526431 0.013462 0.067993
0 0.307692 0.414638 0.003945 0.005592
0 0.365452 0.349079 0.001753 0.003276
0 0.661489 0.510526 0.016272 0.059868
0 0.267998 0.363322 0.002959 0.008224
0 0.180227 0.383388 0.003452 0.015461
0 0.164694 0.410855 0.003945 0.017763
0 0.311391 0.421546 0.004931 0.010197
0 0.542936 0.439556 0.010429 0.015296
0 0.165680 0.435033 0.007890 0.027303
0 0.130301 0.378618 0.003698 0.011842
0 0.280202 0.400658 0.004191 0.007237
0 0.151997 0.630921 0.049063 0.178947
0 0.047207 0.433235 0.007446 0.017010
0 0.079265 0.446875 0.008136 0.023355
0 0.161736 0.411678 0.005424 0.022039
0 0.299322 0.501447 0.009936 0.016711
0 0.125000 0.431414 0.004931 0.028618
0 0.434698 0.336684 0.002103 0.004678
0 0.805720 0.450493 0.009862 0.012171
0 0.066568 0.454934 0.011341 0.022368
0 0.370249 0.538847 0.009946 0.029411
0 0.218195 0.465461 0.006410 0.035526
0 0.091716 0.388487 0.003945 0.018421
0 0.758680 0.478332 0.005806 0.007914
0 0.928476 0.598306 0.030523 0.069638
0 0.340483 0.371711 0.003945 0.008553
0 0.540890 0.452632 0.010774 0.025000
0 0.594551 0.462171 0.010602 0.032237
0 0.076923 0.496069 0.018738 0.063783
0 0.893178 0.578908 0.023161 0.049553
0 0.202002 0.421816 0.004418 0.004211
0 0.117604 0.381743 0.003945 0.014145
0 0.264358 0.511061 0.006211 0.017984
0 0.827046 0.591283 0.030819 0.110197
0 0.691815 0.512664 0.013314 0.031250
