0 0.015139 0.390268 0.005333 0.012220
0 0.062584 0.386401 0.007885 0.008507
0 0.763411 0.426117 0.029051 0.009359
0 0.005284 0.391352 0.005104 0.016243
0 0.247369 0.385385 0.003412 0.012086
0 0.298283 0.513873 0.020639 0.033569
0 0.343266 0.400237 0.005200 0.005967
0 0.006734 0.382148 0.002902 0.009901
0 0.178040 0.514099 0.038042 0.015796
0 0.256372 0.354240 0.002069 0.008125
0 0.106389 0.486646 0.026669 0.017793
0 0.235750 0.379490 0.002125 0.007388
0 0.097496 0.377549 0.003858 0.012908
0 0.159141 0.507222 0.040131 0.022431
0 0.554702 0.484637 0.013333 0.023049
0 0.066794 0.428867 0.005915 0.018563
0 0.190625 0.382138 0.003020 0.007013
0 0.039197 0.422525 0.008928 0.027227
0 0.290844 0.400044 0.008834 0.009773
0 0.025110 0.410071 0.003247 0.009438
0 0.649606 0.441089 0.008348 0.012066
0 0.155594 0.399857 0.004975 0.015740
0 0.517872 0.451503 0.010242 0.014954
0 0.095196 0.487419 0.030737 0.013148
0 0.277479 0.399743 0.005367 0.012309
0 0.216681 0.382660 0.002461 0.003878
0 0.652389 0.446271 0.041277 0.011602
0 0.136806 0.374641 0.002404 0.009921
0 0.507802 0.537002 0.037103 0.037747
0 0.051395 0.387485 0.004985 0.010984
0 0.206281 0.375798 0.003356 0.011339
0 0.258860 0.354349 0.002350 0.008059
0 0.028183 0.398778 0.005217 0.020266
0 0.033227 0.494072 0.042899 0.014079
0 0.133367 0.375387 0.002014 0.006937
0 0.864893 0.545609 0.015629 0.087414
0 0.394289 0.534836 0.013913 0.021658
0 0.249047 0.371135 0.003074 0.010592
0 0.225153 0.380013 0.003299 0.007684
0 0.251758 0.400901 0.006040 0.008355
0 0.383621 0.529574 0.022029 0.027227
0 0.261683 0.355058 0.002404 0.008280
0 0.554180 0.519908 0.018089 0.080289
0 0.134709 0.376579 0.002125 0.006342
0 0.884027 0.551222 0.016630 0.080464
0 0.158054 0.400678 0.003188 0.014250
0 0.205351 0.521918 0.019593 0.035737
0 0.204576 0.403100 0.003299 0.005819
0 0.124533 0.400789 0.005703 0.011191
0 0.597777 0.516658 0.021334 0.069151
0 0.009805 0.392745 0.003013 0.018720
0 0.115614 0.379566 0.008442 0.008132
0 0.183719 0.379936 0.003410 0.013503
0 0.211287 0.400117 0.004753 0.011490
0 0.024647 0.412003 0.007421 0.010211
0 0.269931 0.385127 0.005035 0.009931
0 0.018618 0.422370 0.007424 0.025372
0 0.036183 0.394446 0.004985 0.017793
0 0.627576 0.534913 0.016001 0.041615
0 0.794566 0.444028 0.008817 0.009891
0 0.847562 0.541599 0.017032 0.089553
0 0.895046 0.523421 0.012221 0.013632
