0 0.195636 0.375164 0.007150 0.030592
0 0.348989 0.345559 0.003698 0.014145
0 0.187711 0.358669 0.006048 0.013799
0 0.259924 0.372178 0.013930 0.019461
0 0.359837 0.382401 0.004191 0.004934
0 0.508876 0.487813 0.050296 0.018388
0 0.368713 0.348026 0.004191 0.011184
0 0.216371 0.351530 0.011045 0.013388
0 0.287451 0.345066 0.004487 0.017105
0 0.327542 0.339141 0.003945 0.015132
0 0.203156 0.372697 0.009862 0.038158
0 0.605276 0.517763 0.024655 0.040789
0 0.690459 0.397368 0.006657 0.006579
0 0.310158 0.374671 0.007396 0.032237
0 0.214744 0.350526 0.009369 0.014211
0 0.185219 0.372368 0.007027 0.034211
0 0.197175 0.339803 0.011169 0.005921
0 0.289359 0.346281 0.003136 0.014477
0 0.354413 0.381743 0.005178 0.004934
0 0.305720 0.375000 0.005917 0.028947
0 0.211379 0.370340 0.010081 0.012523
0 0.571992 0.533717 0.037475 0.058882
0 0.540774 0.317232 0.001317 0.002240
0 0.394970 0.421711 0.015779 0.049342
0 0.654463 0.525329 0.020957 0.094737
0 0.243713 0.689474 0.002712 0.003947
0 0.298693 0.321711 0.002712 0.011184
0 0.369827 0.365954 0.012973 0.006901
0 0.187426 0.335428 0.003649 0.010066
0 0.215668 0.380890 0.009561 0.007484
0 0.404709 0.434046 0.007643 0.029934
0 0.546617 0.317475 0.002628 0.001951
0 0.545736 0.391151 0.003661 0.003704
0 0.311884 0.339474 0.003945 0.014474
0 0.532483 0.308882 0.001356 0.006579
0 0.621495 0.519605 0.017956 0.036053
