0 0.679117 0.496546 0.014053 0.022697
0 0.041297 0.443421 0.009122 0.034211
0 0.121647 0.493470 0.010059 0.064572
0 0.838141 0.551645 0.017012 0.016447
0 0.243479 0.413487 0.004216 0.011842
0 0.010223 0.411984 0.005175 0.009263
0 0.044132 0.420724 0.004438 0.012500
0 0.060035 0.434375 0.013067 0.020066
0 0.864398 0.464145 0.010355 0.012500
0 0.506657 0.435855 0.009369 0.014474
0 0.270957 0.434375 0.006410 0.007566
0 0.032668 0.441118 0.007643 0.032895
0 0.226312 0.385038 0.002145 0.003201
0 0.132643 0.443750 0.007890 0.032895
0 0.125740 0.387352 0.003452 0.012829
0 0.217702 0.380592 0.002465 0.011184
0 0.433469 0.552434 0.017825 0.019934
0 0.060392 0.402155 0.004931 0.015461
0 0.086255 0.403000 0.003289 0.007039
0 0.272929 0.414145 0.005424 0.009868
0 0.073471 0.509375 0.016765 0.027303
0 0.266071 0.422255 0.003913 0.005556
0 0.035192 0.469911 0.014675 0.021033
0 0.006164 0.440132 0.011341 0.034868
0 0.114275 0.386191 0.005178 0.014474
0 0.282483 0.476069 0.011218 0.010033
0 0.901282 0.542780 0.016568 0.013849
0 0.462155 0.435855 0.005178 0.012500
0 0.095537 0.385691 0.004684 0.014145
0 0.063240 0.435691 0.007643 0.017434
0 0.128821 0.414391 0.004191 0.015625
0 0.255671 0.367599 0.002465 0.010855
0 0.139793 0.442270 0.009862 0.037171
0 0.298447 0.369408 0.002219 0.008553
0 0.125653 0.496217 0.014177 0.067434
0 0.059871 0.508230 0.016437 0.026316
0 0.034522 0.466293 0.014640 0.016842
0 0.195266 0.415461 0.005424 0.016447
0 0.077727 0.418933 0.005542 0.016109
0 0.245131 0.387352 0.004561 0.006941
0 0.024778 0.442599 0.007150 0.030592
0 0.257235 0.368451 0.002399 0.010776
0 0.337278 0.491628 0.011785 0.007599
0 0.177959 0.460691 0.018836 0.035197
0 0.072113 0.420237 0.004438 0.014145
0 0.279832 0.371217 0.001972 0.006250
0 0.070944 0.402220 0.008013 0.011678
0 0.037968 0.424178 0.005917 0.010855
0 0.021647 0.416446 0.008836 0.014819
