0 0.277123 0.315673 0.005217 0.007424
0 0.475742 0.362469 0.004058 0.011293
0 0.703642 0.410186 0.011499 0.020240
0 0.403274 0.305387 0.002899 0.007891
0 0.755335 0.414441 0.013817 0.018178
0 0.399771 0.396819 0.012465 0.022303
0 0.296197 0.321475 0.004406 0.010365
0 0.229127 0.381219 0.010828 0.041898
0 0.363682 0.416026 0.014495 0.057112
0 0.279790 0.315673 0.004522 0.007734
0 0.304024 0.323255 0.003131 0.006497
0 0.227671 0.306082 0.003711 0.012066
0 0.202940 0.294403 0.006610 0.015470
0 0.811811 0.380859 0.011403 0.007737
0 0.341043 0.362604 0.004349 0.010957
0 0.411738 0.313431 0.004058 0.007579
0 0.482351 0.365255 0.005915 0.008819
0 0.414168 0.398558 0.016329 0.016760
0 0.028962 0.308523 0.007012 0.038316
0 0.185982 0.375612 0.010530 0.039191
0 0.291791 0.318768 0.004869 0.013924
0 0.300429 0.323564 0.003595 0.006187
0 0.232714 0.313044 0.003595 0.014234
0 0.325825 0.364860 0.002897 0.006444
0 0.411506 0.308944 0.002668 0.006961
0 0.344135 0.358278 0.005316 0.020352
0 0.022535 0.307867 0.011854 0.045911
0 0.267036 0.316679 0.004290 0.012839
0 0.414638 0.306391 0.002436 0.009901
0 0.286806 0.318691 0.003942 0.016243
0 0.314525 0.357253 0.006368 0.024493
0 0.944822 0.450998 0.010819 0.011549
0 0.283269 0.318459 0.002899 0.014234
0 0.384379 0.366084 0.008891 0.011990
0 0.189988 0.331035 0.009043 0.010365
0 0.237991 0.313354 0.003476 0.015161
0 0.284099 0.383475 0.009268 0.039187
0 0.271093 0.317375 0.002433 0.012066
0 0.294202 0.434528 0.030959 0.028155
0 0.207496 0.296181 0.002784 0.012993
0 0.100615 0.323141 0.005219 0.009539
0 0.122171 0.405722 0.024071 0.081681
0 0.972472 0.446187 0.007453 0.017322
0 0.524406 0.371809 0.006474 0.004513
0 0.249818 0.315673 0.003245 0.016089
