0 0.667686 0.565817 0.024071 0.081865
0 0.379885 0.357099 0.003380 0.006316
0 0.244903 0.366896 0.006087 0.003220
0 0.006678 0.414724 0.009470 0.013020
0 0.273455 0.367863 0.002897 0.002319
0 0.816424 0.611393 0.047724 0.062747
0 0.780735 0.581227 0.023654 0.064046
0 0.161797 0.423013 0.006765 0.005803
0 0.713253 0.517365 0.023375 0.054763
0 0.088518 0.406602 0.004640 0.023849
0 0.047743 0.396482 0.005796 0.019339
0 0.043153 0.426520 0.012273 0.011862
0 0.021896 0.398288 0.006667 0.010313
0 0.640068 0.581319 0.039514 0.027474
0 0.223963 0.500697 0.016699 0.082053
0 0.249300 0.361998 0.002899 0.010444
0 0.023105 0.411824 0.006571 0.018819
0 0.333168 0.409181 0.006376 0.012763
0 0.080837 0.396870 0.004347 0.019339
0 0.268576 0.356906 0.002803 0.007477
0 0.341526 0.411179 0.009374 0.008253
0 0.035955 0.396354 0.013336 0.021918
0 0.043009 0.422589 0.015071 0.021013
0 0.266837 0.366574 0.001834 0.005931
0 0.189666 0.487331 0.018785 0.077970
0 0.785610 0.595798 0.021418 0.040839
0 0.094509 0.412469 0.007924 0.011602
0 0.274193 0.490393 0.016975 0.067385
0 0.232149 0.364576 0.003188 0.006059
0 0.013683 0.452883 0.012850 0.025141
