0 0.230094 0.361186 0.001647 0.005931
0 0.360738 0.390095 0.002098 0.003007
0 0.490759 0.447863 0.008072 0.028957
0 0.146890 0.393276 0.003893 0.015039
0 0.365893 0.388161 0.002899 0.003868
0 0.113797 0.482480 0.014527 0.023836
0 0.322802 0.370393 0.002562 0.003168
0 0.215478 0.431803 0.004842 0.011138
0 0.212070 0.401859 0.004445 0.010184
0 0.571013 0.366796 0.005286 0.013737
0 0.188222 0.379605 0.003624 0.011461
0 0.076103 0.384036 0.003942 0.012375
0 0.052014 0.409331 0.012135 0.008576
0 0.316212 0.519199 0.012424 0.022990
0 0.471118 0.578150 0.058947 0.015148
0 0.731514 0.525051 0.018235 0.074582
0 0.201170 0.381286 0.002488 0.007197
0 0.304602 0.482548 0.021102 0.052444
0 0.166260 0.377342 0.002885 0.012533
0 0.157727 0.371433 0.002347 0.007161
0 0.170732 0.500637 0.013526 0.024503
0 0.151487 0.393411 0.005301 0.016921
0 0.682316 0.434785 0.032271 0.008766
0 0.231684 0.380623 0.002012 0.002984
0 0.324899 0.370704 0.001351 0.001803
0 0.819777 0.441227 0.013957 0.012533
0 0.118238 0.398872 0.004830 0.023184
0 0.047595 0.484375 0.026714 0.028066
0 0.161250 0.375865 0.005636 0.016204
0 0.206887 0.379406 0.003617 0.011819
0 0.532955 0.584007 0.047991 0.011388
0 0.290979 0.515344 0.036292 0.031405
0 0.329246 0.419329 0.004428 0.016921
0 0.061553 0.387066 0.002899 0.006961
0 0.142159 0.378908 0.004495 0.014053
0 0.023741 0.410735 0.003711 0.010674
0 0.030710 0.386479 0.004753 0.007424
0 0.049946 0.385520 0.003708 0.019954
0 0.353979 0.499150 0.022239 0.070036
0 0.185341 0.446281 0.007680 0.023615
0 0.147459 0.379041 0.004899 0.014503
0 0.055524 0.387067 0.006842 0.009128
0 0.202747 0.403082 0.004349 0.008250
0 0.291591 0.363146 0.003380 0.003352
0 0.333332 0.370145 0.001630 0.002053
0 0.241203 0.376720 0.002416 0.007349
0 0.828868 0.430663 0.033481 0.008056
0 0.618352 0.446115 0.010436 0.019336
0 0.085577 0.385334 0.002899 0.007273
0 0.226415 0.427347 0.007347 0.021832
0 0.244167 0.379934 0.002189 0.002191
0 0.242410 0.400505 0.005412 0.016760
0 0.197874 0.367373 0.003301 0.011602
0 0.223036 0.384518 0.003962 0.011602
0 0.334917 0.369928 0.001166 0.002487
0 0.144676 0.401423 0.003489 0.013609
0 0.116762 0.384637 0.002951 0.010115
0 0.181919 0.454413 0.010185 0.038536
0 0.776074 0.430081 0.005565 0.005569
0 0.168267 0.377521 0.002224 0.011102
0 0.071697 0.385117 0.004406 0.016707
0 0.029481 0.414447 0.009391 0.005105
0 0.186010 0.505538 0.020037 0.028516
0 0.037177 0.486581 0.020370 0.024280
0 0.038846 0.408809 0.015434 0.009026
