0 0.580498 0.540296 0.022436 0.079934
0 0.052761 0.387007 0.004931 0.012171
0 0.160010 0.454112 0.012327 0.014803
0 0.279361 0.364270 0.001928 0.005612
0 0.300789 0.414638 0.007396 0.011513
0 0.393516 0.524178 0.021746 0.078618
0 0.289941 0.519243 0.015286 0.027303
0 0.791174 0.462993 0.015286 0.025987
0 0.810158 0.463158 0.010848 0.023026
0 0.277733 0.352526 0.001783 0.007579
0 0.748146 0.445811 0.006105 0.005964
0 0.348156 0.366278 0.002944 0.003648
0 0.368246 0.390281 0.002315 0.003635
0 0.878205 0.428454 0.014793 0.039145
0 0.046351 0.420559 0.005917 0.015461
0 0.060158 0.486891 0.035602 0.011086
0 0.422034 0.538020 0.012539 0.049342
0 0.328895 0.413487 0.004438 0.006579
0 0.352219 0.521908 0.009665 0.018816
0 0.017012 0.434211 0.010355 0.015789
0 0.258999 0.406579 0.005178 0.013816
0 0.263067 0.404112 0.003452 0.012171
0 0.249137 0.405921 0.005671 0.015789
0 0.290434 0.390789 0.003452 0.005263
0 0.889177 0.581250 0.027860 0.058553
0 0.151011 0.372039 0.003205 0.011184
0 0.540557 0.507237 0.018491 0.051974
0 0.132520 0.404112 0.005671 0.016776
0 0.764066 0.452895 0.013831 0.018289
0 0.171425 0.374836 0.003304 0.012171
0 0.731201 0.446898 0.004724 0.005336
0 0.297919 0.352385 0.001647 0.007072
0 0.215360 0.398355 0.004684 0.010526
0 0.246905 0.359123 0.003528 0.006424
0 0.310651 0.740526 0.048817 0.117895
0 0.922461 0.600707 0.040187 0.081020
0 0.825321 0.463651 0.010108 0.022039
0 0.424038 0.454803 0.009418 0.026053
0 0.380229 0.565990 0.031262 0.065717
0 0.873866 0.521184 0.014004 0.036447
0 0.120316 0.374836 0.003945 0.012829
0 0.287229 0.459539 0.009369 0.013816
0 0.063363 0.385526 0.004931 0.012500
0 0.116741 0.391941 0.005178 0.019408
0 0.345414 0.391941 0.002959 0.004276
0 0.350715 0.391776 0.002712 0.004605
0 0.627342 0.451480 0.013560 0.008224
0 0.957101 0.486842 0.016272 0.042105
0 0.299433 0.389309 0.006164 0.006908
0 0.373373 0.538405 0.015976 0.026809
0 0.224359 0.508059 0.029586 0.030592
0 0.360116 0.562730 0.035242 0.067566
0 0.042406 0.398520 0.004931 0.013487
0 0.561884 0.527467 0.011341 0.023355
0 0.207779 0.399836 0.006780 0.007566
0 0.337081 0.900658 0.049901 0.198684
0 0.236563 0.501645 0.017012 0.042105
0 0.343370 0.348383 0.002421 0.006595
0 0.384640 0.460411 0.010799 0.018849
0 0.076923 0.396711 0.004931 0.013158
0 0.246179 0.807237 0.143245 0.287500
0 0.022625 0.456939 0.016541 0.016490
0 0.341100 0.392105 0.004191 0.004605
0 0.769005 0.447868 0.006181 0.007276
0 0.178994 0.418092 0.003945 0.014474
0 0.649655 0.448355 0.010355 0.011184
0 0.994908 0.562546 0.010185 0.036809
0 0.386232 0.400597 0.002315 0.002964
0 0.404857 0.567324 0.042712 0.047530
0 0.096277 0.442747 0.011095 0.032204
0 0.227318 0.398355 0.006903 0.017763
0 0.194157 0.422039 0.007150 0.019737
0 0.322818 0.516562 0.018910 0.019309
0 0.262821 0.361184 0.002465 0.006579
0 0.557199 0.446382 0.017258 0.032237
0 0.436391 0.442928 0.008383 0.022039
0 0.271203 0.362171 0.004438 0.010526
0 0.021716 0.463970 0.025991 0.006789
0 0.966346 0.494408 0.009122 0.025658
