0 0.070120 0.390255 0.005007 0.018490
0 0.097828 0.484697 0.021420 0.033303
0 0.003480 0.434632 0.006960 0.025691
0 0.283168 0.356008 0.002175 0.008273
0 0.149677 0.460538 0.010853 0.034306
0 0.117787 0.471008 0.019534 0.037424
0 0.349878 0.398765 0.003060 0.004187
0 0.030465 0.413646 0.004509 0.020273
0 0.135403 0.468446 0.007680 0.016707
0 0.524093 0.345262 0.002125 0.003280
0 0.333372 0.389794 0.002739 0.004299
0 0.908381 0.502186 0.011536 0.013523
0 0.242343 0.498188 0.011521 0.020493
0 0.067030 0.466107 0.013858 0.048562
0 0.401611 0.457574 0.008942 0.035799
0 0.058182 0.389255 0.003173 0.013365
0 0.316704 0.356007 0.002579 0.003546
0 0.145754 0.479475 0.015025 0.034306
0 0.177229 0.379660 0.003092 0.012378
0 0.329500 0.515563 0.016529 0.069059
0 0.053173 0.405515 0.004842 0.013813
0 0.017378 0.429031 0.007212 0.025661
0 0.152203 0.381715 0.004672 0.005694
0 0.343356 0.399623 0.004024 0.005694
0 0.050835 0.467222 0.006847 0.018714
0 0.608088 0.548238 0.033903 0.108424
0 0.395120 0.451031 0.007502 0.026562
0 0.526860 0.345485 0.001955 0.003280
0 0.191053 0.419477 0.005878 0.006447
0 0.005637 0.399278 0.008015 0.009622
0 0.115593 0.374204 0.004608 0.010158
0 0.216297 0.506985 0.009517 0.017155
0 0.311049 0.532604 0.024712 0.042549
0 0.994217 0.482785 0.011566 0.034589
0 0.015754 0.407164 0.011420 0.015237
0 0.099398 0.487706 0.014734 0.033306
0 0.349117 0.517122 0.014024 0.070842
0 0.059601 0.475910 0.010350 0.017819
