0 0.277749 0.351151 0.011859 0.021382
0 0.702613 0.401206 0.003407 0.004378
0 0.444306 0.319400 0.001822 0.006859
0 0.230205 0.411961 0.014300 0.045395
0 0.237758 0.415365 0.010678 0.046711
0 0.209073 0.918421 0.002959 0.003947
0 0.616679 0.525247 0.031188 0.031480
0 0.406159 0.316018 0.003245 0.006201
0 0.310528 0.371546 0.007643 0.027961
0 0.216854 0.353158 0.007909 0.007368
0 0.578945 0.535822 0.043984 0.050592
0 0.320020 0.365954 0.007396 0.015461
0 0.249174 0.344737 0.005104 0.019737
0 0.116726 0.336118 0.008107 0.017250
0 0.679640 0.536564 0.029892 0.045957
0 0.256423 0.387171 0.012303 0.038816
0 0.251479 0.372368 0.009369 0.023026
0 0.694119 0.426990 0.013385 0.009868
0 0.232865 0.342620 0.004561 0.020286
0 0.378004 0.319380 0.004692 0.009069
0 0.324631 0.331120 0.010353 0.005194
0 0.689509 0.562572 0.043023 0.036941
0 0.283601 0.344072 0.007601 0.010375
0 0.112821 0.335436 0.007298 0.016273
0 0.287888 0.333294 0.011058 0.006076
0 0.316075 0.336020 0.004438 0.004276
0 0.111066 0.334462 0.004090 0.012766
0 0.726208 0.399178 0.005178 0.007566
0 0.433124 0.349720 0.004684 0.004539
0 0.586551 0.540395 0.050666 0.052171
0 0.438645 0.349322 0.002251 0.003329
0 0.186252 0.334049 0.007673 0.011770
0 0.578992 0.392016 0.006903 0.014145
0 0.545091 0.391941 0.005671 0.017434
0 0.283840 0.340082 0.004312 0.006316
0 0.360487 0.315431 0.004569 0.012164
