0 0.025764 0.419408 0.007150 0.009868
0 0.295175 0.432038 0.009359 0.009964
0 0.913831 0.466612 0.007643 0.012829
0 0.251109 0.463980 0.010108 0.024671
0 0.303988 0.377732 0.002118 0.005069
0 0.379610 0.465477 0.010700 0.024375
0 0.198655 0.499255 0.008908 0.016734
0 0.043146 0.446711 0.013314 0.033553
0 0.257684 0.381413 0.003025 0.006911
0 0.054178 0.419132 0.003637 0.008730
0 0.082717 0.382237 0.004684 0.014474
0 0.133506 0.520724 0.016026 0.021053
0 0.544379 0.456086 0.007890 0.008882
0 0.008691 0.400658 0.004561 0.017105
0 0.254352 0.412171 0.003698 0.010526
0 0.140779 0.417105 0.004931 0.020395
0 0.237167 0.457370 0.007993 0.012069
0 0.067554 0.416118 0.005424 0.021711
0 0.236810 0.468750 0.010602 0.022368
0 0.119576 0.519901 0.013314 0.017434
0 0.060651 0.383388 0.003452 0.010855
0 0.309418 0.417197 0.004438 0.006579
0 0.068171 0.385526 0.004684 0.013816
0 0.338389 0.465594 0.009268 0.022826
0 0.013468 0.414031 0.007039 0.009701
0 0.279993 0.490954 0.012352 0.055592
0 0.296252 0.358388 0.002170 0.007566
0 0.323964 0.467434 0.010355 0.022368
0 0.461982 0.518257 0.014694 0.053618
0 0.017226 0.424449 0.006967 0.020641
0 0.501603 0.458059 0.008629 0.012171
0 0.494576 0.459375 0.006903 0.008224
0 0.062623 0.435855 0.009369 0.019079
0 0.262562 0.370885 0.001997 0.006579
0 0.017807 0.443602 0.015086 0.016007
0 0.077170 0.387664 0.003945 0.011513
0 0.135602 0.461118 0.010355 0.041316
0 0.031903 0.492813 0.010552 0.040230
0 0.371743 0.469878 0.008629 0.013158
0 0.052145 0.510526 0.019477 0.025000
0 0.155202 0.458717 0.006657 0.027303
0 0.088881 0.382895 0.003698 0.015789
0 0.152120 0.403947 0.004438 0.014474
0 0.076923 0.496875 0.017258 0.025987
0 0.102811 0.466086 0.010848 0.046645
0 0.265843 0.369763 0.002130 0.009500
0 0.294663 0.359002 0.001704 0.004549
0 0.302724 0.429155 0.006903 0.010197
0 0.704736 0.501512 0.009088 0.009457
0 0.476542 0.442340 0.003819 0.004609
0 0.124260 0.414309 0.004931 0.022697
0 0.301900 0.376262 0.002764 0.009056
0 0.132890 0.405757 0.007890 0.007566
0 0.130141 0.432566 0.004068 0.021053
0 0.391876 0.457401 0.007618 0.016711
0 0.446499 0.517928 0.020710 0.070066
0 0.202909 0.536184 0.032544 0.080921
0 0.343616 0.354434 0.001753 0.006033
0 0.275210 0.360921 0.002342 0.006711
0 0.081590 0.466109 0.010685 0.048355
0 0.058994 0.417679 0.005996 0.011155
