0 0.231849 0.359095 0.005976 0.008914
0 0.360055 0.339225 0.004495 0.014312
0 0.347756 0.384375 0.010602 0.030592
0 0.299556 0.377467 0.007890 0.027303
0 0.441445 0.651760 0.072584 0.244967
0 0.338819 0.327250 0.002712 0.011618
0 0.198681 0.346146 0.009788 0.004872
0 0.320141 0.358967 0.005182 0.022533
0 0.562130 0.394313 0.003945 0.005263
0 0.205323 0.349893 0.002470 0.005543
0 0.260959 0.367862 0.005646 0.025855
0 0.479080 0.319737 0.001405 0.008553
0 0.479693 0.389153 0.005456 0.018997
0 0.314937 0.360194 0.004381 0.021711
0 0.283727 0.347625 0.003957 0.006414
0 0.628895 0.516803 0.017160 0.021461
0 0.549186 0.395888 0.007150 0.017434
0 0.336093 0.336459 0.004786 0.013727
0 0.298934 0.363845 0.008025 0.011914
0 0.490878 0.318750 0.001972 0.007237
0 0.226849 0.357885 0.004586 0.005046
0 0.439472 0.324342 0.002712 0.004605
0 0.504026 0.329974 0.001366 0.001684
0 0.208457 0.835362 0.002219 0.003618
0 0.284429 0.351582 0.005747 0.007362
0 0.291174 0.351069 0.004438 0.006086
0 0.407130 0.320928 0.004181 0.010250
0 0.342636 0.327507 0.002712 0.011303
0 0.479043 0.356579 0.003452 0.004605
0 0.872411 0.453454 0.015039 0.023355
0 0.252808 0.361479 0.003841 0.006576
0 0.350592 0.362007 0.004931 0.015461
0 0.368846 0.340826 0.004320 0.012428
0 0.445809 0.325061 0.001893 0.006457
0 0.533045 0.400898 0.013762 0.006079
0 0.541701 0.399125 0.006657 0.009579
0 0.174063 0.480921 0.039941 0.114474
0 0.514755 0.330464 0.001368 0.002105
0 0.373275 0.339395 0.002710 0.013487
0 0.342825 0.394243 0.006657 0.020724
0 0.022004 0.436743 0.012944 0.090263
0 0.331294 0.323465 0.003205 0.007280
0 0.347017 0.362829 0.004191 0.013158
0 0.675917 0.406628 0.003417 0.005849
0 0.477205 0.320008 0.001787 0.007859
0 0.187687 0.338155 0.006647 0.011112
0 0.468475 0.329832 0.002000 0.006178
0 0.863166 0.448684 0.010355 0.029605
0 0.364650 0.339676 0.003698 0.015385
0 0.407220 0.322354 0.001758 0.005951
0 0.426335 0.367827 0.006304 0.013951
0 0.510355 0.321382 0.001479 0.005921
0 0.689472 0.409046 0.002219 0.002303
0 0.455991 0.322533 0.002219 0.008224
0 0.530646 0.395559 0.005769 0.017434
0 0.582001 0.391590 0.006753 0.010766
0 0.305853 0.336921 0.005049 0.015829
0 0.470414 0.358059 0.002959 0.004934
0 0.384030 0.332234 0.001787 0.009868
0 0.372165 0.371711 0.003205 0.006579
0 0.537475 0.397872 0.004931 0.016711
0 0.202690 0.365977 0.003945 0.015441
0 0.467440 0.336225 0.005175 0.008819
0 0.235239 0.365880 0.005039 0.009648
0 0.231386 0.349836 0.007643 0.010855
0 0.204573 0.481250 0.033654 0.110526
0 0.241356 0.360090 0.002988 0.007122
0 0.257828 0.377648 0.014768 0.020428
0 0.211096 0.353558 0.011388 0.012095
