0 0.391314 0.314309 0.002712 0.011513
0 0.190212 0.365954 0.005671 0.017434
0 0.645293 0.390010 0.007396 0.010855
0 0.455621 0.427632 0.014793 0.055263
0 0.318055 0.421418 0.005952 0.006112
0 0.106607 0.394572 0.015582 0.077961
0 0.373744 0.436709 0.016265 0.009990
0 0.194403 0.335033 0.005178 0.012171
0 0.596518 0.501495 0.043691 0.023760
0 0.688942 0.524951 0.022362 0.073586
0 0.359591 0.323849 0.004191 0.013487
0 0.618220 0.423355 0.006657 0.021711
0 0.188486 0.337993 0.005671 0.012829
0 0.261275 0.353877 0.005099 0.008503
0 0.310281 0.326151 0.003698 0.016776
0 0.141336 0.324487 0.005148 0.013329
0 0.360084 0.391941 0.011095 0.016776
0 0.376310 0.351863 0.004924 0.004628
0 0.508629 0.361020 0.004438 0.006908
0 0.380014 0.310780 0.003804 0.009401
0 0.469514 0.356957 0.002959 0.004934
0 0.217825 0.347862 0.005178 0.024013
0 0.305101 0.313403 0.003605 0.011089
0 0.326208 0.430263 0.032495 0.024342
0 0.214879 0.394572 0.017530 0.029276
0 0.409887 0.362270 0.009122 0.014276
0 0.675049 0.539145 0.049310 0.070395
0 0.313240 0.340296 0.003698 0.016776
0 0.490348 0.352730 0.002885 0.004408
0 0.501726 0.360526 0.004438 0.006579
0 0.511711 0.359868 0.004191 0.007895
0 0.225611 0.322992 0.006376 0.014056
0 0.319527 0.369408 0.010355 0.015789
0 0.217760 0.370395 0.006373 0.009309
0 0.333087 0.348849 0.006903 0.010855
0 0.178008 0.369079 0.006903 0.021053
0 0.201553 0.346382 0.005671 0.026316
0 0.252883 0.347637 0.009564 0.009990
0 0.282143 0.323245 0.003092 0.006188
0 0.205498 0.331250 0.004684 0.016447
0 0.516344 0.364688 0.002658 0.004191
0 0.396696 0.418750 0.008383 0.013816
0 0.364063 0.322660 0.003452 0.012905
0 0.472510 0.468914 0.014546 0.031908
0 0.272686 0.322342 0.003656 0.016447
0 0.354906 0.326316 0.004191 0.011842
0 0.379514 0.317760 0.006159 0.005901
0 0.215981 0.389464 0.007515 0.014145
0 0.817308 0.508717 0.020217 0.082566
0 0.346976 0.348727 0.004209 0.011184
0 0.481312 0.359868 0.004536 0.009868
0 0.586271 0.317780 0.001477 0.002329
0 0.374753 0.389309 0.008876 0.028618
0 0.385452 0.315007 0.002177 0.008408
0 0.575970 0.328388 0.001408 0.002237
0 0.264461 0.364531 0.009194 0.016740
0 0.599179 0.504743 0.041287 0.024395
0 0.369581 0.349220 0.003452 0.009211
0 0.324704 0.341612 0.004931 0.020066
0 0.245023 0.327470 0.012567 0.005520
0 0.479006 0.351424 0.003205 0.008553
0 0.480153 0.469737 0.030325 0.033553
0 0.123538 0.319842 0.003220 0.011697
0 0.363884 0.328908 0.003079 0.011039
0 0.343442 0.397533 0.010848 0.041118
0 0.490261 0.372368 0.005178 0.010526
0 0.098907 0.403278 0.005604 0.055563
0 0.496400 0.355263 0.008087 0.009868
0 0.353304 0.432352 0.017258 0.019967
0 0.245811 0.389819 0.008279 0.015691
0 0.398267 0.314609 0.002145 0.009868
0 0.290187 0.395888 0.009862 0.043092
0 0.184048 0.347697 0.005178 0.015132
0 0.576675 0.318227 0.001206 0.001789
0 0.311144 0.407566 0.013314 0.024342
0 0.244607 0.395209 0.017473 0.030832
0 0.490668 0.362319 0.002244 0.003651
0 0.560651 0.385197 0.006903 0.007237
0 0.266540 0.320255 0.003706 0.012648
0 0.493590 0.470230 0.024655 0.033882
0 0.245811 0.349480 0.003476 0.005546
0 0.329019 0.360526 0.005671 0.028947
0 0.256922 0.404018 0.009914 0.011497
0 0.717082 0.534875 0.023035 0.037842
0 0.561538 0.316414 0.001874 0.004013
0 0.235475 0.328378 0.010609 0.011336
0 0.601089 0.375814 0.006482 0.007010
0 0.210306 0.347039 0.005917 0.028289
0 0.474482 0.432895 0.010108 0.040789
0 0.613760 0.424520 0.004931 0.014289
0 0.563423 0.328569 0.001679 0.002059
0 0.189596 0.349836 0.005424 0.015461
0 0.456953 0.313410 0.002170 0.008859
0 0.169625 0.315625 0.004931 0.008882
0 0.643767 0.429625 0.006065 0.006250
