0 0.235947 0.361184 0.002465 0.011842
0 0.061267 0.380921 0.003698 0.013158
0 0.272189 0.366941 0.002465 0.010855
0 0.037571 0.437829 0.007890 0.033553
0 0.072732 0.380921 0.003945 0.014474
0 0.047310 0.438398 0.008629 0.036513
0 0.068047 0.380757 0.003452 0.014145
0 0.389916 0.419079 0.006164 0.007237
0 0.928378 0.564638 0.030819 0.111513
0 0.091469 0.402467 0.007890 0.020066
0 0.208457 0.359375 0.004684 0.012171
0 0.352934 0.367599 0.002712 0.003618
0 0.360700 0.367270 0.002465 0.004276
0 0.001603 0.395395 0.003205 0.020395
0 0.646129 0.926480 0.111292 0.147039
0 0.521450 0.872039 0.123767 0.253947
0 0.118590 0.396217 0.003452 0.010855
0 0.051432 0.402668 0.006903 0.018750
0 0.261588 0.362336 0.003452 0.007566
0 0.458210 0.557224 0.024901 0.043750
0 0.015039 0.435674 0.007890 0.033914
0 0.023115 0.437959 0.011561 0.036187
0 0.024532 0.410609 0.011588 0.015954
0 0.430473 0.420395 0.005424 0.010526
0 0.280449 0.365789 0.003698 0.006579
0 0.073348 0.401480 0.006164 0.023355
0 0.284147 0.364145 0.002219 0.009211
0 0.399408 0.428783 0.004438 0.005592
0 0.098496 0.397204 0.004684 0.016776
