0 0.224327 0.380877 0.005242 0.004385
0 0.076734 0.482984 0.022478 0.033776
0 0.067779 0.468385 0.014098 0.014132
0 0.059230 0.455240 0.011087 0.011882
0 0.167199 0.459291 0.014783 0.048859
0 0.287196 0.376089 0.003489 0.003224
0 0.005212 0.399077 0.005705 0.007424
0 0.927945 0.504576 0.021437 0.040901
0 0.062334 0.481845 0.014026 0.023809
0 0.047825 0.378487 0.004670 0.014145
0 0.268659 0.355863 0.002086 0.007734
0 0.248076 0.422709 0.007931 0.022648
0 0.033156 0.395482 0.004428 0.016839
0 0.008944 0.430666 0.010017 0.030516
0 0.966013 0.502304 0.016228 0.051326
0 0.191425 0.462308 0.018452 0.043793
0 0.121006 0.473441 0.017456 0.021211
0 0.115918 0.377717 0.002562 0.009270
0 0.017320 0.435010 0.008407 0.027178
0 0.155652 0.459742 0.011211 0.040740
0 0.245989 0.392265 0.007096 0.005201
0 0.218717 0.501235 0.011827 0.018194
0 0.017803 0.407803 0.011410 0.014105
0 0.270546 0.409622 0.006122 0.008355
0 0.051577 0.469762 0.007793 0.021832
0 0.295661 0.502255 0.016834 0.070359
0 0.106797 0.483303 0.031006 0.033928
0 0.140486 0.469732 0.014048 0.018891
0 0.264774 0.355632 0.002665 0.009125
0 0.257412 0.357411 0.005565 0.004638
0 0.279451 0.522118 0.025047 0.044368
0 0.610979 0.551490 0.030656 0.093026
0 0.323571 0.515148 0.016669 0.066480
0 0.142234 0.480492 0.021154 0.032891
0 0.316113 0.517293 0.013217 0.073329
0 0.271493 0.378058 0.003489 0.003582
0 0.242023 0.498729 0.009460 0.020609
0 0.103515 0.473967 0.010229 0.017000
