0 0.880605 0.254947 0.004993 0.020947
0 0.875291 0.262094 0.006603 0.011602
0 0.743914 0.280755 0.007828 0.030556
0 0.445828 0.820804 0.186958 0.040188
0 0.872279 0.293133 0.014184 0.048266
0 0.908303 0.258332 0.004026 0.018046
0 0.979419 0.599633 0.028390 0.086845
0 0.936584 0.307788 0.012522 0.047227
0 0.753286 0.285396 0.009758 0.015859
0 0.859056 0.297589 0.008905 0.038243
0 0.869014 0.255808 0.005483 0.014720
0 0.851146 0.504015 0.023891 0.070214
0 0.586182 0.266867 0.004638 0.024286
0 0.886403 0.256936 0.005636 0.024062
0 0.833018 0.259567 0.005473 0.014286
0 0.770920 0.293582 0.011593 0.035579
0 0.912957 0.255561 0.004751 0.022345
0 0.514643 0.262535 0.005104 0.026451
0 0.495975 0.265937 0.005565 0.017480
0 0.789181 0.291972 0.011790 0.038293
0 0.866876 0.256827 0.006040 0.012891
0 0.501192 0.266097 0.006723 0.015635
0 0.840412 0.296197 0.012244 0.040283
0 0.895300 0.255539 0.006684 0.025783
0 0.507221 0.262071 0.005104 0.023668
