0 0.403969 0.454770 0.020464 0.022039
0 0.278846 0.402138 0.007396 0.012171
0 0.420365 0.345230 0.003452 0.012171
0 0.330498 0.344572 0.004684 0.018092
0 0.322362 0.344408 0.005671 0.020395
0 0.231879 0.358553 0.011095 0.016447
0 0.421598 0.466776 0.020710 0.026974
0 0.287845 0.321711 0.004684 0.015132
0 0.337648 0.324013 0.003205 0.003289
0 0.358605 0.332401 0.002712 0.007566
0 0.447978 0.315789 0.002465 0.005263
0 0.609098 0.480428 0.014546 0.080592
0 0.406558 0.327467 0.003945 0.009539
0 0.289571 0.346217 0.006657 0.021382
0 0.284024 0.413158 0.015286 0.026316
0 0.599975 0.393914 0.005671 0.016776
0 0.306460 0.320888 0.003452 0.007566
0 0.436637 0.471217 0.029093 0.012171
0 0.116617 0.321875 0.004438 0.008882
0 0.249014 0.426480 0.014300 0.022039
0 0.280449 0.324671 0.004191 0.008553
0 0.396326 0.342599 0.006164 0.015461
0 0.309911 0.430921 0.012821 0.025658
0 0.485947 0.365625 0.008383 0.012829
0 0.376479 0.326974 0.002959 0.010526
0 0.263683 0.338980 0.006657 0.019408
0 0.413955 0.366776 0.005917 0.011842
0 0.465360 0.321546 0.003205 0.007566
0 0.502342 0.370888 0.004191 0.004276
0 0.220291 0.413980 0.030325 0.015461
0 0.192308 0.349178 0.007890 0.016118
0 0.246179 0.344572 0.004191 0.012171
0 0.588018 0.361349 0.003945 0.005592
0 0.238042 0.381579 0.011095 0.017105
0 0.411736 0.345888 0.002959 0.007566
0 0.471154 0.365296 0.004438 0.013487
0 0.683309 0.538487 0.013067 0.059868
0 0.251849 0.323520 0.003205 0.015461
0 0.212894 0.351151 0.008629 0.018750
0 0.340113 0.345559 0.004684 0.016118
0 0.466963 0.306250 0.002465 0.010526
0 0.405695 0.340625 0.003698 0.005592
0 0.482865 0.309539 0.002219 0.006579
0 0.477194 0.351316 0.003698 0.003947
0 0.010725 0.441941 0.021450 0.056250
0 0.186760 0.393092 0.012081 0.025000
0 0.564842 0.489474 0.037968 0.048684
0 0.469921 0.306908 0.001972 0.009211
0 0.528600 0.357237 0.004931 0.007237
0 0.447485 0.362007 0.005917 0.018750
0 0.346154 0.314803 0.002959 0.011842
0 0.578156 0.387007 0.006903 0.009539
0 0.805597 0.585526 0.067308 0.045395
0 0.342949 0.329441 0.002959 0.016118
0 0.399532 0.325329 0.003698 0.009868
0 0.944280 0.514967 0.023176 0.070066
0 0.498397 0.358059 0.003205 0.008224
0 0.214620 0.390954 0.016026 0.015461
0 0.462771 0.314803 0.002465 0.006579
0 0.424310 0.310855 0.001972 0.005921
0 0.447732 0.306743 0.001972 0.006908
0 0.330005 0.366283 0.008629 0.024671
0 0.599729 0.485362 0.016026 0.068092
0 0.778600 0.509704 0.020217 0.080592
0 0.996302 0.454441 0.006903 0.030592
0 0.760355 0.579441 0.024655 0.041776
0 0.565705 0.383224 0.005671 0.015789
0 0.534393 0.357237 0.005178 0.007237
0 0.242727 0.409539 0.011095 0.017105
0 0.456238 0.325987 0.003205 0.007895
0 0.368343 0.333059 0.002465 0.008882
0 0.255547 0.412336 0.012574 0.020066
0 0.385232 0.330428 0.002219 0.004934
0 0.227441 0.397862 0.009615 0.016118
0 0.186144 0.337993 0.005917 0.010197
0 0.259739 0.393586 0.014053 0.016118
0 0.233235 0.388487 0.017258 0.026974
0 0.383506 0.326316 0.003205 0.011842
0 0.275394 0.433388 0.029586 0.031250
0 0.395957 0.312007 0.002465 0.008224
0 0.629068 0.400329 0.005178 0.006579
0 0.567678 0.362007 0.002712 0.004934
0 0.345784 0.329770 0.003698 0.015461
0 0.207470 0.332237 0.005178 0.014474
0 0.317924 0.348684 0.002712 0.008553
0 0.276011 0.325658 0.003205 0.015789
0 0.335182 0.346217 0.005178 0.016118
0 0.595661 0.299178 0.001479 0.004934
0 0.401257 0.312007 0.002219 0.009539
0 0.267505 0.405757 0.008876 0.022697
0 0.318910 0.342763 0.003698 0.018421
0 0.714990 0.529112 0.024655 0.102303
0 0.414818 0.346382 0.003698 0.007237
0 0.242604 0.353783 0.010355 0.017434
