0 0.542036 0.394572 0.009122 0.021382
0 0.297830 0.325658 0.003452 0.015789
0 0.200321 0.405757 0.012081 0.011513
0 0.206225 0.421711 0.024384 0.022368
0 0.277490 0.339984 0.004684 0.016809
0 0.318049 0.449401 0.025496 0.035533
0 0.490927 0.329898 0.002219 0.003289
0 0.528723 0.383224 0.008136 0.015132
0 0.313733 0.339474 0.005178 0.021053
0 0.561021 0.491941 0.028846 0.053618
0 0.174803 0.354112 0.007890 0.027303
0 0.487919 0.469901 0.028107 0.039145
0 0.504561 0.310197 0.002219 0.007237
0 0.357284 0.433803 0.012448 0.044250
0 0.381398 0.315378 0.003920 0.007730
0 0.875999 0.638997 0.021721 0.027993
0 0.686267 0.374013 0.006657 0.014474
0 0.497903 0.380883 0.007295 0.017885
0 0.505955 0.333319 0.001501 0.003099
0 0.556706 0.384046 0.007890 0.012171
0 0.604906 0.502632 0.019970 0.037500
0 0.567369 0.401776 0.009492 0.013421
0 0.252613 0.360854 0.010212 0.014891
0 0.633629 0.395395 0.006410 0.007895
0 0.445180 0.498849 0.020094 0.040461
0 0.403655 0.465587 0.025284 0.009944
0 0.253107 0.362582 0.010059 0.017599
0 0.299926 0.399671 0.010108 0.038816
0 0.372411 0.321217 0.002712 0.010855
0 0.445055 0.316847 0.002936 0.004530
0 0.381071 0.323278 0.004771 0.003312
0 0.234467 0.390625 0.017751 0.016118
0 0.260232 0.379605 0.004684 0.021711
0 0.294502 0.325822 0.003698 0.014803
0 0.497062 0.370969 0.004628 0.005951
0 0.184048 0.349178 0.007150 0.018750
0 0.616494 0.389967 0.006164 0.008224
0 0.322277 0.428855 0.005175 0.005895
0 0.231262 0.361678 0.009862 0.016776
0 0.246164 0.422387 0.005641 0.035490
0 0.171967 0.470230 0.036243 0.114145
0 0.282490 0.344862 0.003052 0.010947
0 0.519477 0.378454 0.008876 0.016776
0 0.308062 0.343092 0.005671 0.021053
0 0.454684 0.317436 0.001972 0.004582
0 0.278489 0.447336 0.038190 0.044145
0 0.588511 0.386184 0.006410 0.010526
0 0.735823 0.410526 0.004684 0.003947
0 0.371425 0.356743 0.006164 0.008224
0 0.324643 0.353125 0.005054 0.008224
0 0.484609 0.357367 0.002419 0.003510
0 0.421377 0.352173 0.002433 0.002516
0 0.800111 0.596628 0.091100 0.038322
0 0.389670 0.363322 0.006657 0.008224
0 0.400208 0.319939 0.002098 0.005845
0 0.549063 0.379934 0.007396 0.010526
0 0.427256 0.421875 0.013486 0.046382
0 0.359714 0.342434 0.004438 0.015132
0 0.210306 0.354605 0.005917 0.015132
0 0.183925 0.333882 0.004438 0.011184
0 0.453772 0.354276 0.006164 0.011184
0 0.614556 0.369178 0.002727 0.003033
0 0.571129 0.367599 0.003698 0.004276
0 0.362039 0.441464 0.030557 0.028651
0 0.331977 0.315789 0.003205 0.011842
0 0.715607 0.348191 0.008629 0.006250
0 0.338511 0.316941 0.004438 0.011513
0 0.452293 0.465954 0.013560 0.030592
0 0.603180 0.384539 0.003205 0.007237
0 0.701307 0.371546 0.003698 0.004934
0 0.300912 0.326316 0.003205 0.015789
0 0.596647 0.385691 0.009369 0.011513
0 0.420599 0.616704 0.059665 0.230342
0 0.337290 0.434778 0.013338 0.029819
0 0.206114 0.382237 0.005917 0.007895
0 0.652573 0.383525 0.003331 0.003839
0 0.701307 0.385691 0.004684 0.006908
0 0.502342 0.405592 0.009122 0.023684
0 0.501972 0.370230 0.002465 0.004934
0 0.488782 0.307072 0.002219 0.008224
0 0.384555 0.315859 0.004115 0.006901
0 0.662968 0.371053 0.004931 0.011842
0 0.527103 0.357436 0.001997 0.003931
0 0.432041 0.317337 0.009132 0.002437
0 0.476817 0.310613 0.003141 0.003997
0 0.286612 0.399836 0.009122 0.036513
0 0.356986 0.437867 0.028400 0.033345
0 0.399162 0.362664 0.006410 0.010197
0 0.576499 0.405780 0.013314 0.026316
0 0.452913 0.376641 0.005219 0.003757
0 0.437623 0.353454 0.005917 0.010197
0 0.520710 0.342434 0.001972 0.003947
0 0.493713 0.309868 0.002219 0.003947
0 0.665434 0.380428 0.002959 0.005592
0 0.221770 0.349836 0.008629 0.024013
0 0.667530 0.370395 0.004684 0.013158
0 0.327029 0.338678 0.004438 0.015987
0 0.449011 0.354270 0.004975 0.010276
0 0.331607 0.368914 0.008383 0.022697
0 0.759646 0.571400 0.023992 0.057957
0 0.449596 0.347979 0.003550 0.007378
0 0.189226 0.332730 0.004191 0.015461
0 0.485700 0.306414 0.001972 0.006908
0 0.435584 0.319043 0.006282 0.003704
0 0.395391 0.316837 0.002251 0.007470
0 0.433685 0.311247 0.003070 0.005066
0 0.545611 0.523684 0.044379 0.054605
0 0.367867 0.320844 0.004191 0.006076
0 0.380830 0.367188 0.003533 0.002862
0 0.462056 0.340625 0.002022 0.003750
0 0.627342 0.395395 0.005178 0.007237
0 0.977749 0.629441 0.044502 0.091513
0 0.411119 0.355592 0.005671 0.012500
0 0.255178 0.380757 0.007396 0.019408
0 0.464837 0.341686 0.002791 0.003859
0 0.283284 0.342928 0.003945 0.015461
0 0.442961 0.452862 0.007076 0.012303
0 0.667899 0.390789 0.007396 0.007895
0 0.981953 0.664204 0.036095 0.054750
0 0.650764 0.371546 0.004191 0.006908
0 0.486686 0.370033 0.007939 0.012434
0 0.287106 0.331579 0.006164 0.006579
0 0.392944 0.456571 0.027919 0.026957
0 0.358037 0.478289 0.034911 0.044079
0 0.658037 0.367599 0.002465 0.002961
0 0.375863 0.318421 0.003698 0.013816
0 0.422838 0.312076 0.002120 0.003993
0 0.604676 0.356243 0.002315 0.002664
0 0.509246 0.356414 0.002219 0.003618
0 0.507686 0.528327 0.035353 0.026786
0 0.321770 0.340132 0.003501 0.018421
0 0.902256 0.649836 0.106731 0.069408
0 0.432569 0.325822 0.002219 0.006250
0 0.310158 0.398355 0.012327 0.029605
0 0.460639 0.311880 0.002776 0.008477
0 0.503667 0.329910 0.002941 0.003589
0 0.559079 0.381013 0.003469 0.007296
0 0.504808 0.355263 0.004684 0.005921
0 0.485293 0.379984 0.013486 0.018980
0 0.530202 0.357401 0.002712 0.003618
0 0.398176 0.347862 0.003945 0.016118
0 0.819896 0.365954 0.008136 0.012171
0 0.268838 0.360510 0.013015 0.006283
0 0.231509 0.341447 0.004931 0.006579
0 0.365261 0.352796 0.005178 0.014803
0 0.906472 0.647730 0.044206 0.067829
0 0.219058 0.383059 0.007150 0.014803
0 0.513534 0.343684 0.001787 0.002243
0 0.495685 0.356743 0.004191 0.008224
0 0.808802 0.437993 0.008136 0.033224
0 0.500371 0.333664 0.001319 0.001895
0 0.395099 0.322571 0.002821 0.007293
0 0.569650 0.380523 0.007155 0.011928
0 0.238257 0.365296 0.003550 0.018092
0 0.251726 0.412878 0.013807 0.058651
0 0.525025 0.496546 0.024901 0.038487
0 0.363905 0.321020 0.002959 0.010592
0 0.447608 0.327467 0.002219 0.007566
0 0.508004 0.330179 0.001472 0.001826
0 0.520464 0.407072 0.010355 0.023355
0 0.675296 0.400000 0.006410 0.012500
0 0.388400 0.325192 0.002638 0.008957
0 0.283358 0.362056 0.005128 0.023914
0 0.469321 0.309224 0.003765 0.004974
0 0.227273 0.404738 0.022939 0.009148
0 0.826307 0.434211 0.013067 0.033553
0 0.580005 0.387336 0.005178 0.015461
