0 0.653270 0.503008 0.013464 0.015859
0 0.722017 0.281743 0.005671 0.026645
0 0.727650 0.281793 0.007076 0.028520
0 0.677231 0.284211 0.004315 0.020395
0 0.939472 0.313322 0.011588 0.049671
0 0.095772 0.687730 0.014029 0.063355
0 0.660367 0.494572 0.016050 0.041118
0 0.871080 0.813816 0.093343 0.103947
0 0.071684 0.692599 0.042283 0.143092
0 0.515868 0.268877 0.005917 0.008082
0 0.978082 0.780493 0.043836 0.120197
0 0.692554 0.277796 0.007890 0.033224
0 0.738659 0.279934 0.007396 0.030921
0 0.683346 0.279243 0.006534 0.030987
0 0.748644 0.282237 0.005671 0.025658
0 0.114768 0.711513 0.044625 0.092105
0 0.931706 0.314309 0.010848 0.050329
0 0.729973 0.270000 0.006484 0.016020
0 0.715976 0.279934 0.006410 0.030921
0 0.932408 0.790125 0.066590 0.117711
