0 0.067554 0.406579 0.004438 0.021053
0 0.691198 0.420230 0.005178 0.010197
0 0.380794 0.445888 0.009122 0.029934
0 0.293886 0.389803 0.004438 0.006579
0 0.253452 0.361678 0.004438 0.008224
0 0.205621 0.363816 0.002465 0.010526
0 0.240508 0.493750 0.030325 0.041447
0 0.297954 0.371382 0.002219 0.003947
0 0.140779 0.499013 0.017751 0.066447
0 0.243466 0.388816 0.002219 0.002632
0 0.141272 0.392270 0.004438 0.014803
0 0.204265 0.405757 0.006657 0.012171
0 0.301775 0.362664 0.002959 0.004934
0 0.447362 0.555592 0.017012 0.044079
0 0.212032 0.502303 0.012327 0.067763
0 0.212032 0.366776 0.003945 0.004605
0 0.268491 0.393421 0.004931 0.010526
0 0.529093 0.565954 0.032544 0.039145
0 0.240138 0.360033 0.002465 0.008224
0 0.805720 0.570230 0.028107 0.044408
0 0.263930 0.441612 0.003698 0.005592
0 0.201430 0.414638 0.005917 0.010197
0 0.487796 0.555099 0.011588 0.017434
0 0.210552 0.533553 0.037475 0.042763
0 0.237549 0.401974 0.005178 0.014474
0 0.164571 0.506908 0.020957 0.077632
0 0.089990 0.399671 0.004931 0.013816
0 0.177761 0.380428 0.003945 0.012829
0 0.481139 0.388651 0.018491 0.003618
0 0.412352 0.355428 0.003205 0.002961
0 0.471770 0.420724 0.004684 0.006579
0 0.368097 0.420888 0.003945 0.003618
0 0.029463 0.438816 0.006657 0.017763
0 0.310651 0.371053 0.002959 0.004605
0 0.023299 0.421546 0.004684 0.012171
0 0.770464 0.466283 0.011834 0.026645
0 0.141272 0.409539 0.004931 0.022368
0 0.059541 0.395888 0.005178 0.020724
0 0.281805 0.369901 0.003452 0.009539
0 0.045242 0.437500 0.013560 0.015132
0 0.294132 0.453289 0.004931 0.008553
0 0.118960 0.491612 0.024408 0.026645
0 0.110084 0.389803 0.004684 0.011184
0 0.244946 0.401316 0.008629 0.014474
0 0.064719 0.394243 0.004684 0.020066
0 0.185158 0.374507 0.003452 0.013487
0 0.107618 0.400987 0.004684 0.011184
0 0.169872 0.368586 0.003452 0.008882
0 0.096524 0.385691 0.005178 0.013487
0 0.236933 0.359704 0.002959 0.010197
0 0.348619 0.503289 0.019724 0.068421
0 0.164818 0.388816 0.003698 0.013816
0 0.966346 0.597039 0.045118 0.019737
0 0.388683 0.443257 0.010602 0.033224
0 0.819527 0.672533 0.074458 0.097697
0 0.201677 0.425658 0.007396 0.017105
0 0.233235 0.358882 0.002959 0.010526
0 0.258999 0.386678 0.004191 0.011513
0 0.837401 0.695230 0.038215 0.058882
0 0.462032 0.510362 0.011341 0.046382
0 0.085182 0.415789 0.006164 0.021711
0 0.152613 0.412829 0.005917 0.015132
0 0.190459 0.370559 0.004191 0.006908
0 0.399408 0.355099 0.003452 0.004276
0 0.285010 0.362500 0.002959 0.007895
0 0.233728 0.401480 0.004931 0.015461
0 0.019847 0.440625 0.012574 0.018092
0 0.414022 0.549558 0.043770 0.012378
0 0.309172 0.361184 0.003452 0.005263
0 0.931583 0.578454 0.012081 0.054276
0 0.699211 0.421382 0.005917 0.009211
0 0.113905 0.385855 0.003452 0.019079
0 0.259739 0.363816 0.002712 0.005921
0 0.002219 0.439638 0.003945 0.029934
0 0.009122 0.476151 0.016765 0.047039
0 0.909887 0.712007 0.110700 0.059539
0 0.104043 0.385033 0.003945 0.012171
0 0.660133 0.438322 0.005671 0.007566
0 0.679241 0.439967 0.003945 0.006250
0 0.317678 0.371217 0.004191 0.004934
0 0.263067 0.384046 0.002465 0.006250
0 0.049433 0.483553 0.017998 0.052632
0 0.180104 0.415461 0.009122 0.017763
0 0.102934 0.482401 0.010108 0.023355
0 0.225345 0.406743 0.005424 0.006250
0 0.103304 0.407072 0.008383 0.023355
0 0.208210 0.424671 0.005671 0.018421
0 0.205251 0.377138 0.003205 0.011513
0 0.503698 0.422368 0.007396 0.010526
0 0.283284 0.389474 0.004438 0.007895
0 0.415434 0.554342 0.047830 0.011053
0 0.150394 0.388322 0.004931 0.015461
0 0.041913 0.449013 0.009369 0.017763
0 0.311144 0.418257 0.004931 0.006908
0 0.756287 0.472039 0.014053 0.017105
0 0.026750 0.481908 0.026381 0.036842
0 0.165927 0.416283 0.006410 0.020724
0 0.294749 0.371382 0.002219 0.003947
0 0.473619 0.389309 0.006410 0.004934
0 0.055843 0.416447 0.012574 0.019079
0 0.287229 0.388651 0.002959 0.006250
0 0.220661 0.386184 0.003945 0.012500
0 0.448718 0.423191 0.003945 0.006908
0 0.155079 0.387500 0.004438 0.015789
0 0.300912 0.446711 0.010602 0.023684
0 0.766149 0.657566 0.037229 0.051316
