0 0.552022 0.385296 0.007396 0.015592
0 0.516084 0.353590 0.001812 0.002865
0 0.536329 0.381809 0.009689 0.025855
0 0.455868 0.317928 0.002465 0.010855
0 0.952638 0.566826 0.029142 0.040888
0 0.601323 0.511033 0.049869 0.018724
0 0.818664 0.440789 0.018491 0.038158
0 0.468523 0.321778 0.002845 0.007497
0 0.454662 0.307235 0.001341 0.004549
0 0.177596 0.334382 0.006410 0.015513
0 0.217785 0.322051 0.003962 0.007543
0 0.480719 0.333944 0.001566 0.002612
0 0.536457 0.316821 0.001198 0.001885
0 0.423045 0.323266 0.003338 0.010243
0 0.473619 0.355592 0.003945 0.009211
0 0.420883 0.318331 0.003205 0.009457
0 0.368343 0.399342 0.005917 0.040132
0 0.352929 0.310576 0.004591 0.005586
0 0.365138 0.398684 0.008876 0.040789
0 0.127465 0.390230 0.018245 0.065329
0 0.754684 0.373684 0.002959 0.004605
0 0.870858 0.540592 0.033284 0.057500
0 0.411243 0.321217 0.002465 0.010855
0 0.462648 0.322533 0.003698 0.005592
0 0.331731 0.342763 0.005178 0.018421
0 0.557594 0.370230 0.003156 0.004934
0 0.099852 0.323849 0.007396 0.010855
0 0.360330 0.399178 0.006657 0.038487
0 0.595772 0.503207 0.030794 0.013651
0 0.113659 0.394572 0.012327 0.067434
0 0.108974 0.324507 0.005917 0.015461
0 0.357438 0.310683 0.004428 0.005589
0 0.184541 0.363865 0.007643 0.035428
0 0.316198 0.425493 0.025888 0.031908
0 0.384700 0.308337 0.002636 0.009905
0 0.324704 0.404276 0.020710 0.017105
0 0.456808 0.307229 0.002951 0.005312
0 0.970661 0.593355 0.044872 0.079079
0 0.484837 0.355592 0.003698 0.009211
0 0.540493 0.317839 0.001070 0.001553
0 0.459147 0.307604 0.003452 0.004924
0 0.507419 0.326857 0.001622 0.002016
0 0.453348 0.307311 0.001622 0.004102
