0 0.024257 0.413676 0.004001 0.007845
0 0.021310 0.411298 0.002734 0.007859
0 0.298025 0.369312 0.002959 0.007566
0 0.264177 0.358882 0.002219 0.007237
0 0.384615 0.427138 0.004438 0.005592
0 0.094398 0.423831 0.006617 0.026944
0 0.116778 0.498849 0.019058 0.058224
0 0.310097 0.365771 0.001876 0.003451
0 0.291361 0.370202 0.002244 0.007490
0 0.870726 0.497110 0.011990 0.040582
0 0.625678 0.526020 0.013930 0.077039
0 0.102151 0.424079 0.004623 0.024868
0 0.050000 0.428783 0.004832 0.020724
0 0.259862 0.365461 0.002465 0.009211
0 0.106541 0.431857 0.006410 0.016549
0 0.340483 0.438735 0.009862 0.024438
0 0.392585 0.427146 0.002848 0.003095
0 0.306553 0.451023 0.004931 0.005592
0 0.641193 0.444572 0.019157 0.010855
0 0.156435 0.375822 0.004684 0.012171
0 0.170488 0.375493 0.003698 0.014145
0 0.098718 0.421762 0.004191 0.027076
0 0.464127 0.558388 0.018984 0.027961
0 0.876701 0.493734 0.011637 0.040757
0 0.276998 0.366521 0.003799 0.010773
0 0.182135 0.375942 0.003895 0.005115
0 0.055929 0.383651 0.003871 0.014671
0 0.086378 0.436020 0.008210 0.031908
0 0.302416 0.430559 0.005720 0.016513
0 0.083333 0.493914 0.019724 0.056447
0 0.016199 0.444271 0.006457 0.027951
0 0.283088 0.371507 0.005126 0.005211
0 0.255890 0.438204 0.006287 0.018092
0 0.091248 0.438158 0.004980 0.028289
0 0.165187 0.376480 0.003452 0.012171
