0 0.117419 0.420016 0.017875 0.096612
0 0.479389 0.467607 0.010725 0.030424
0 0.456361 0.450493 0.014300 0.070724
0 0.216667 0.397798 0.017954 0.028359
0 0.231562 0.371100 0.009421 0.020734
0 0.484840 0.451326 0.014349 0.071099
0 0.460136 0.316137 0.002628 0.005148
0 0.454019 0.325000 0.004191 0.004605
0 0.590402 0.389796 0.007890 0.010526
0 0.184418 0.352286 0.007396 0.023717
0 0.337771 0.366776 0.006903 0.026974
0 0.228513 0.327839 0.005646 0.014257
0 0.216254 0.322697 0.004376 0.005921
0 0.411243 0.370559 0.003945 0.008224
0 0.215706 0.388954 0.004781 0.011368
0 0.271219 0.433255 0.038183 0.008885
0 0.367850 0.441776 0.020710 0.027632
0 0.266874 0.361632 0.007673 0.028316
0 0.476100 0.324418 0.002574 0.006342
0 0.632819 0.318793 0.001196 0.001250
0 0.242634 0.395380 0.014495 0.029115
0 0.137833 0.378569 0.017776 0.033454
0 0.209419 0.348160 0.003464 0.023859
0 0.271259 0.354235 0.003301 0.008273
0 0.274901 0.325329 0.004931 0.011184
0 0.654651 0.513405 0.007463 0.051546
0 0.650148 0.470066 0.016272 0.040789
0 0.415311 0.370559 0.004684 0.008882
0 0.497281 0.306086 0.002219 0.006908
0 0.491591 0.301523 0.002320 0.005414
0 0.491834 0.306288 0.001450 0.006437
0 0.623932 0.318582 0.001958 0.002178
0 0.275842 0.356995 0.007143 0.017523
0 0.238367 0.326303 0.004509 0.009349
0 0.858481 0.434375 0.018245 0.025329
0 0.472017 0.306931 0.002219 0.008224
0 0.462155 0.315296 0.002712 0.006908
0 0.384492 0.308224 0.002712 0.011842
0 0.344181 0.375822 0.004931 0.010197
0 0.379432 0.318044 0.006571 0.006023
0 0.566924 0.365076 0.002290 0.003132
0 0.206571 0.348849 0.005350 0.025329
0 0.500171 0.300357 0.001511 0.005970
0 0.493343 0.371546 0.003452 0.005592
0 0.309295 0.410855 0.006657 0.011184
0 0.496548 0.468421 0.012327 0.036842
0 0.328402 0.367270 0.005424 0.025329
0 0.440704 0.304161 0.002571 0.008355
0 0.458143 0.307130 0.002465 0.004424
0 0.104906 0.424704 0.022929 0.094803
0 0.219921 0.338651 0.007890 0.011513
0 0.430429 0.311071 0.002712 0.009701
0 0.624052 0.507663 0.018252 0.100806
0 0.137821 0.423520 0.025641 0.092434
0 0.590113 0.496546 0.017505 0.040461
0 0.264582 0.322714 0.003356 0.007250
0 0.321746 0.392105 0.008876 0.040132
0 0.447732 0.304934 0.001972 0.007895
0 0.228381 0.357618 0.006280 0.024066
0 0.505514 0.301150 0.001299 0.005727
0 0.406707 0.333332 0.002350 0.006566
0 0.295242 0.368914 0.011588 0.019408
0 0.629082 0.318360 0.001748 0.002806
0 0.190175 0.344408 0.004610 0.026974
0 0.245425 0.328712 0.009998 0.004207
0 0.244453 0.369572 0.009122 0.029934
0 0.630360 0.319074 0.000873 0.001641
0 0.543770 0.365589 0.003895 0.004382
0 0.345168 0.328454 0.002465 0.010197
0 0.742542 0.420296 0.009739 0.015987
0 0.423911 0.310367 0.004297 0.005451
0 0.642433 0.510576 0.031011 0.110625
0 0.513683 0.357566 0.005178 0.009211
0 0.419096 0.333526 0.002636 0.004461
0 0.604167 0.398678 0.008136 0.012500
0 0.251881 0.396109 0.011834 0.027961
0 0.569034 0.364967 0.004438 0.005592
0 0.285014 0.327100 0.005436 0.010655
0 0.445404 0.304411 0.001972 0.007237
0 0.561021 0.365691 0.004191 0.003487
0 0.266092 0.402821 0.010602 0.028898
0 0.493137 0.306036 0.001738 0.006447
0 0.413955 0.362007 0.004438 0.014145
0 0.249753 0.319758 0.003891 0.015128
0 0.748114 0.528421 0.019650 0.107632
0 0.615004 0.390762 0.002897 0.002688
0 0.496795 0.406414 0.012821 0.027961
0 0.600099 0.334474 0.002465 0.003421
0 0.628079 0.318535 0.000843 0.001424
0 0.199837 0.332641 0.004591 0.018586
0 0.757801 0.422536 0.003205 0.002138
0 0.636469 0.318763 0.001652 0.002171
0 0.279709 0.325329 0.004191 0.011184
0 0.274938 0.367135 0.007150 0.021382
0 0.325074 0.347204 0.004684 0.014145
0 0.314980 0.432487 0.040552 0.017724
0 0.624137 0.395066 0.009615 0.015789
0 0.254517 0.319937 0.003624 0.007612
0 0.821992 0.430082 0.009862 0.014836
0 0.185897 0.334704 0.005917 0.016118
0 0.799877 0.429424 0.008728 0.013125
0 0.619352 0.391030 0.004670 0.005368
0 0.515286 0.399737 0.011341 0.028158
0 0.263807 0.328783 0.004931 0.020724
0 0.664411 0.400214 0.005054 0.008125
0 0.245929 0.327056 0.001879 0.003941
0 0.634195 0.318793 0.001166 0.001428
0 0.686514 0.526497 0.042160 0.089112
0 0.606016 0.498026 0.016765 0.042763
0 0.361810 0.400658 0.007150 0.037500
0 0.487549 0.360526 0.003205 0.003947
0 0.296598 0.327961 0.004438 0.010526
0 0.368960 0.399836 0.009122 0.039145
0 0.321129 0.322533 0.006164 0.006250
0 0.236411 0.338653 0.003163 0.014339
0 0.302761 0.328289 0.004931 0.011184
0 0.233253 0.396454 0.010067 0.026750
0 0.422108 0.310488 0.003960 0.004220
0 0.502414 0.301298 0.003013 0.003852
0 0.283777 0.321053 0.003945 0.009868
