0 0.458040 0.364865 0.004191 0.007566
0 0.284519 0.346742 0.005468 0.009872
0 0.186993 0.328428 0.004090 0.004191
0 0.440570 0.334951 0.003180 0.008224
0 0.217949 0.354770 0.008876 0.012829
0 0.215307 0.380066 0.012138 0.009868
0 0.532701 0.383289 0.005752 0.006776
0 0.323595 0.369572 0.005178 0.025329
0 0.114645 0.337664 0.010355 0.020066
0 0.204963 0.366582 0.006864 0.013257
0 0.179736 0.375577 0.004384 0.012924
0 0.239029 0.395674 0.030325 0.008651
0 0.485794 0.341720 0.001972 0.002632
0 0.313979 0.371546 0.005671 0.024671
0 0.174427 0.350319 0.006714 0.008250
0 0.306213 0.370066 0.004931 0.022368
0 0.204520 0.378201 0.006492 0.032809
0 0.224482 0.345806 0.005178 0.011020
0 0.168404 0.348651 0.012345 0.020467
0 0.216249 0.351234 0.007961 0.009842
0 0.512575 0.325444 0.001329 0.002388
0 0.287277 0.346336 0.006980 0.012020
0 0.195832 0.372673 0.006718 0.026799
0 0.318454 0.370707 0.004758 0.025822
0 0.488326 0.335151 0.001780 0.002375
0 0.440212 0.321875 0.002219 0.004276
0 0.168353 0.325000 0.004684 0.008355
0 0.432681 0.319477 0.002147 0.005072
0 0.464285 0.389339 0.004931 0.014474
0 0.481344 0.371507 0.002712 0.004605
0 0.300912 0.369243 0.006164 0.023355
0 0.242357 0.359868 0.006410 0.013158
0 0.196307 0.334120 0.005917 0.017582
0 0.399524 0.314959 0.002825 0.008253
0 0.181531 0.358388 0.006800 0.008882
0 0.949827 0.454437 0.019970 0.024671
0 0.403470 0.340410 0.003809 0.008786
0 0.284948 0.368347 0.003698 0.008043
0 0.344551 0.341526 0.005917 0.006908
0 0.451677 0.373684 0.004438 0.008553
0 0.494495 0.335441 0.001405 0.001743
0 0.635542 0.396296 0.005671 0.006250
0 0.482589 0.335439 0.001963 0.001964
0 0.293393 0.357237 0.005671 0.024671
0 0.475471 0.356556 0.009517 0.005625
0 0.354660 0.439309 0.020464 0.025987
0 0.402749 0.316905 0.003447 0.012849
0 0.364892 0.434046 0.016272 0.018750
0 0.188199 0.368240 0.006354 0.010914
0 0.380116 0.357155 0.003945 0.011842
0 0.307692 0.352467 0.003945 0.017434
0 0.468021 0.375638 0.003987 0.008868
0 0.638375 0.530707 0.036612 0.059112
0 0.534161 0.382271 0.005057 0.005398
0 0.236156 0.349586 0.005251 0.008882
0 0.330775 0.326138 0.005313 0.006605
0 0.467147 0.382678 0.002727 0.003125
0 0.211891 0.364901 0.006603 0.016533
0 0.748644 0.419079 0.003205 0.004605
0 0.474643 0.342283 0.001898 0.002763
0 0.546970 0.385395 0.007396 0.006579
0 0.692179 0.560125 0.033688 0.045013
0 0.318836 0.356459 0.004665 0.007530
0 0.693047 0.528997 0.016765 0.019836
0 0.242751 0.375901 0.007594 0.021053
0 0.247411 0.361020 0.004684 0.016118
0 0.187278 0.348076 0.007988 0.012401
0 0.206854 0.348849 0.007890 0.010855
0 0.464433 0.332849 0.003264 0.008513
0 0.509810 0.314444 0.001972 0.007566
0 0.581521 0.390329 0.009689 0.010263
0 0.178850 0.329433 0.003434 0.006003
0 0.636320 0.530380 0.021506 0.041832
0 0.230184 0.346908 0.005239 0.012105
0 0.182721 0.326821 0.003725 0.005069
0 0.466992 0.364819 0.004872 0.008322
0 0.365822 0.317965 0.004682 0.006484
0 0.370613 0.356817 0.003849 0.010839
0 0.185408 0.378316 0.008227 0.018303
0 0.168183 0.344265 0.004610 0.008773
0 0.421043 0.318786 0.002293 0.007204
