0 0.116905 0.654125 0.028563 0.081605
0 0.135180 0.400850 0.004290 0.012687
0 0.080695 0.607163 0.058279 0.189391
0 0.073659 0.440959 0.004507 0.020049
0 0.070597 0.404640 0.004522 0.020576
0 0.104512 0.406498 0.005567 0.022431
0 0.018810 0.410327 0.009016 0.011359
0 0.261192 0.358633 0.002088 0.011141
0 0.016891 0.409993 0.008516 0.010250
0 0.140513 0.385457 0.006144 0.016862
0 0.323825 0.438039 0.012221 0.031276
0 0.159819 0.382597 0.005333 0.017016
0 0.257076 0.358711 0.002436 0.011296
0 0.259693 0.359891 0.001901 0.009026
0 0.005370 0.428817 0.008516 0.015372
0 0.079586 0.450426 0.009349 0.042549
0 0.176516 0.405724 0.008580 0.012533
0 0.292555 0.350048 0.001970 0.009747
0 0.091873 0.404410 0.005333 0.025063
0 0.036342 0.457888 0.010353 0.021388
0 0.076510 0.399303 0.005451 0.022586
0 0.011377 0.449868 0.010525 0.031184
0 0.267743 0.360336 0.001506 0.008046
0 0.157267 0.400697 0.003015 0.010520
0 0.149731 0.397293 0.003476 0.017329
0 0.048865 0.455995 0.011018 0.018490
0 0.059291 0.467132 0.021556 0.009579
0 0.373315 0.550581 0.025846 0.055872
0 0.315210 0.495245 0.013023 0.070306
