0 0.448082 0.314298 0.001164 0.003418
0 0.311026 0.461632 0.018087 0.015007
0 0.189719 0.296217 0.002712 0.010197
0 0.223060 0.342212 0.004107 0.006984
0 0.004808 0.384211 0.009615 0.065132
0 0.361810 0.313651 0.003205 0.010197
0 0.445868 0.314515 0.002702 0.003484
0 0.267465 0.323783 0.003077 0.010967
0 0.472510 0.339145 0.004191 0.007237
0 0.543060 0.312164 0.001691 0.003651
0 0.384615 0.307566 0.002465 0.007895
0 0.426159 0.442270 0.026874 0.044408
0 0.116967 0.317503 0.004832 0.008164
0 0.381047 0.470931 0.010786 0.029322
0 0.499137 0.320066 0.002712 0.008553
0 0.449525 0.315013 0.001817 0.003855
0 0.592098 0.500937 0.030843 0.021612
0 0.341716 0.314474 0.002465 0.009868
0 0.235602 0.401497 0.014497 0.026678
0 0.219058 0.320888 0.003698 0.010197
0 0.533881 0.311949 0.002012 0.003437
0 0.205991 0.332401 0.004684 0.015461
0 0.298910 0.445544 0.010784 0.020885
0 0.305441 0.450997 0.041420 0.035197
0 0.467332 0.339145 0.003205 0.007237
0 0.442554 0.335691 0.002959 0.008224
0 0.211102 0.337487 0.004670 0.008059
0 0.247103 0.333158 0.004068 0.011053
0 0.237956 0.325347 0.003624 0.005694
0 0.114112 0.298641 0.002436 0.007579
0 0.396820 0.480428 0.022929 0.041118
0 0.235084 0.344243 0.005178 0.012829
0 0.418577 0.310500 0.003141 0.005480
0 0.531667 0.311735 0.001933 0.002365
0 0.446499 0.337993 0.002465 0.005592
0 0.462155 0.396875 0.007150 0.024671
0 0.612179 0.418750 0.013314 0.027632
0 0.156928 0.330592 0.004684 0.005921
0 0.215290 0.339528 0.004509 0.005694
0 0.475811 0.303806 0.002751 0.006355
0 0.461860 0.339097 0.003262 0.007523
0 0.180720 0.323191 0.004438 0.015461
0 0.202170 0.415954 0.006903 0.011513
0 0.251603 0.332237 0.002712 0.009868
0 0.449211 0.337829 0.003945 0.007237
0 0.477318 0.394243 0.010355 0.024671
0 0.290869 0.342260 0.008104 0.007283
0 0.298817 0.341612 0.003452 0.016118
0 0.106016 0.307730 0.003945 0.016118
0 0.458426 0.324928 0.001817 0.002178
0 0.575567 0.346711 0.008136 0.003289
0 0.287599 0.417270 0.007643 0.018750
0 0.241248 0.351809 0.005178 0.016776
0 0.461977 0.327419 0.002495 0.002793
0 0.863611 0.586683 0.008000 0.014714
0 0.060281 0.383717 0.017998 0.082566
0 0.301652 0.422039 0.017998 0.023684
0 0.380054 0.316612 0.003205 0.007566
0 0.270464 0.352632 0.006903 0.007237
0 0.731534 0.541086 0.019280 0.053224
0 0.396943 0.334211 0.002465 0.007237
0 0.311391 0.328289 0.003452 0.009868
0 0.247781 0.354441 0.006903 0.012171
0 0.399778 0.400329 0.005178 0.013816
0 0.548940 0.345066 0.004684 0.004605
0 0.481879 0.316283 0.002219 0.006908
0 0.230714 0.386306 0.008765 0.010112
0 0.031188 0.386513 0.012081 0.063158
0 0.385355 0.318092 0.002465 0.009868
0 0.492485 0.317076 0.001435 0.003730
0 0.334320 0.368421 0.003452 0.016447
0 0.116257 0.299337 0.002086 0.006497
0 0.488930 0.321383 0.002909 0.005201
0 0.635602 0.517434 0.014300 0.044079
0 0.347510 0.353947 0.005178 0.006579
0 0.766272 0.330099 0.004438 0.014803
0 0.334936 0.348520 0.003205 0.016118
0 0.388560 0.318586 0.002465 0.008882
0 0.477396 0.326130 0.001770 0.004082
0 0.235339 0.322768 0.002897 0.004405
0 0.428131 0.321217 0.002712 0.011513
0 0.295735 0.342105 0.003698 0.017105
0 0.254191 0.361842 0.004438 0.014474
0 0.259937 0.338668 0.002981 0.009132
0 0.654339 0.523520 0.019724 0.047697
0 0.451923 0.314803 0.002959 0.005263
0 0.207840 0.305592 0.004931 0.013158
0 0.244074 0.326367 0.003301 0.006016
0 0.405695 0.303947 0.004684 0.017105
0 0.943748 0.628967 0.031977 0.049868
0 0.860836 0.589803 0.036859 0.043158
0 0.939115 0.599704 0.009541 0.019145
0 0.681090 0.381908 0.004684 0.005921
0 0.413294 0.427102 0.005424 0.009868
0 0.317308 0.428947 0.008876 0.018421
0 0.684911 0.528947 0.026134 0.038816
0 0.449225 0.362220 0.004312 0.005592
0 0.239952 0.417615 0.037355 0.026546
0 0.187007 0.329276 0.005671 0.012500
0 0.385355 0.332566 0.003452 0.009868
0 0.464127 0.339145 0.003698 0.008553
0 0.384615 0.420230 0.013807 0.045724
0 0.367110 0.458388 0.025148 0.021382
0 0.685774 0.330921 0.003205 0.011842
0 0.428748 0.332566 0.003452 0.008553
0 0.260478 0.360691 0.010108 0.008882
0 0.336662 0.332237 0.004191 0.011842
0 0.354167 0.332237 0.003698 0.016447
0 0.410010 0.328125 0.002959 0.011513
0 0.314842 0.327303 0.002465 0.009211
0 0.445365 0.363559 0.003141 0.004191
0 0.290052 0.318793 0.003945 0.008487
0 0.541174 0.386513 0.003452 0.005263
0 0.601431 0.512757 0.052611 0.017579
0 0.466223 0.302467 0.001479 0.006250
0 0.418023 0.328947 0.003205 0.010526
0 0.442924 0.401645 0.005671 0.011842
0 0.488291 0.318442 0.003018 0.004655
0 0.267258 0.335691 0.003945 0.018750
0 0.508999 0.326668 0.001208 0.001934
0 0.384246 0.317599 0.002219 0.009539
0 0.904093 0.329276 0.004438 0.017763
0 0.537825 0.312434 0.002658 0.002901
0 0.508235 0.350947 0.002416 0.002579
0 0.421757 0.310339 0.004026 0.006447
0 0.490015 0.340625 0.002219 0.004276
0 0.434402 0.376089 0.008104 0.007895
0 0.576923 0.399836 0.008876 0.030592
0 0.277490 0.406908 0.008136 0.044737
0 0.321209 0.446127 0.037266 0.040049
0 0.263722 0.340173 0.005555 0.009345
0 0.196670 0.369571 0.021403 0.006516
0 0.327236 0.319250 0.002608 0.008250
0 0.233817 0.367105 0.003624 0.006447
0 0.347140 0.331250 0.003452 0.017105
0 0.490777 0.318449 0.000971 0.001812
0 0.322732 0.345888 0.005917 0.018750
0 0.396326 0.318257 0.002712 0.009539
0 0.350345 0.414309 0.012821 0.050987
0 0.555843 0.401809 0.008629 0.025329
0 0.478797 0.304276 0.001479 0.007237
0 0.324458 0.431414 0.024655 0.023355
0 0.212771 0.399671 0.006410 0.025000
0 0.184541 0.314967 0.004684 0.013487
0 0.222284 0.400117 0.009662 0.014181
0 0.254068 0.355757 0.006164 0.025329
0 0.494426 0.306794 0.001529 0.004299
0 0.148545 0.334375 0.005178 0.014803
0 0.556023 0.337842 0.001854 0.002579
0 0.217949 0.352796 0.009369 0.010197
0 0.482988 0.341941 0.002959 0.004934
0 0.299803 0.330428 0.002959 0.011513
0 0.442554 0.313816 0.002465 0.004605
0 0.431090 0.321382 0.002219 0.011184
0 0.448060 0.305993 0.001726 0.003474
0 0.212771 0.306250 0.003452 0.013816
0 0.439472 0.335362 0.002712 0.010197
0 0.257562 0.319222 0.002737 0.005049
0 0.458457 0.328355 0.001726 0.003816
0 0.392875 0.312336 0.002712 0.009539
0 0.690705 0.382237 0.003698 0.004605
0 0.253777 0.318740 0.002416 0.005158
0 0.460509 0.341179 0.002330 0.006095
0 0.537599 0.460691 0.011095 0.048355
0 0.414818 0.362171 0.003205 0.003289
0 0.262451 0.350987 0.005178 0.009211
0 0.137821 0.326151 0.005424 0.011513
0 0.241617 0.369572 0.004438 0.005592
0 0.543393 0.337171 0.004438 0.004605
0 0.368220 0.378783 0.008136 0.027303
0 0.229790 0.367965 0.005394 0.006661
0 0.180473 0.364803 0.005917 0.009868
0 0.515039 0.324507 0.002959 0.006250
0 0.970537 0.628618 0.020957 0.030921
0 0.496795 0.348684 0.004438 0.005263
0 0.331607 0.365132 0.003945 0.024342
0 0.541667 0.317763 0.005917 0.003289
0 0.162352 0.315296 0.005178 0.010197
0 0.202232 0.317437 0.003129 0.008046
0 0.368466 0.320888 0.002712 0.014145
0 0.303418 0.319250 0.005219 0.011862
0 0.454635 0.337829 0.002959 0.009211
0 0.438839 0.367296 0.004191 0.012500
0 0.318047 0.329934 0.002465 0.009211
0 0.433802 0.332566 0.005178 0.006579
