0 0.394456 0.765553 0.085254 0.319947
0 0.116810 0.302426 0.004541 0.011734
0 0.502643 0.754243 0.085251 0.330592
0 0.192088 0.330168 0.006474 0.009928
0 0.206159 0.298845 0.004093 0.006086
0 0.375092 0.320436 0.001837 0.005674
0 0.236584 0.334745 0.007922 0.020109
0 0.114829 0.299589 0.003286 0.011474
0 0.254894 0.324755 0.005123 0.016115
0 0.273156 0.327138 0.004349 0.016243
0 0.241898 0.324691 0.006958 0.010829
0 0.299630 0.317663 0.002416 0.015082
0 0.465291 0.355952 0.004250 0.013793
0 0.809704 0.492806 0.020316 0.066086
0 0.230642 0.386117 0.003962 0.039062
0 0.090388 0.407618 0.027650 0.084204
0 0.106760 0.300493 0.003383 0.011474
0 0.470219 0.356911 0.006183 0.012362
0 0.326202 0.322240 0.003770 0.013921
0 0.816522 0.518146 0.012522 0.023576
0 0.110674 0.300363 0.004638 0.011990
0 0.247115 0.322885 0.004832 0.015467
0 0.218902 0.384571 0.006186 0.039576
0 0.229820 0.376385 0.007150 0.024750
0 0.234651 0.388826 0.008503 0.040092
0 0.321275 0.320758 0.003767 0.016115
0 0.310017 0.321854 0.003092 0.012891
0 0.112268 0.329498 0.007441 0.009924
0 0.305959 0.317470 0.003476 0.015211
0 0.266585 0.333197 0.007825 0.009539
0 0.240111 0.314763 0.002608 0.010572
0 0.215375 0.363036 0.010533 0.015612
0 0.271706 0.344350 0.004541 0.016115
0 0.534908 0.359054 0.007236 0.012438
0 0.181267 0.323722 0.004734 0.010957
0 0.208031 0.341836 0.007054 0.006447
0 0.129757 0.325373 0.004929 0.021273
0 0.316781 0.324753 0.004830 0.014566
0 0.207404 0.360914 0.005217 0.018046
0 0.223829 0.386247 0.007342 0.042414
0 0.727960 0.492064 0.022123 0.077595
0 0.425434 0.358594 0.008984 0.012635
0 0.216921 0.425179 0.029665 0.018174
0 0.379151 0.320694 0.006280 0.006704
