0 0.894847 0.257072 0.006164 0.021382
0 0.669379 0.273520 0.007396 0.027961
0 0.485027 0.268301 0.010848 0.014122
0 0.910010 0.258882 0.004438 0.019737
0 0.873028 0.298026 0.011341 0.042105
0 0.901257 0.258388 0.007150 0.019408
0 0.701800 0.282730 0.007150 0.035197
0 0.618836 0.272039 0.009862 0.028947
0 0.842949 0.257566 0.006410 0.021053
0 0.864029 0.258553 0.004684 0.020395
0 0.868466 0.257072 0.003698 0.023355
0 0.975099 0.702467 0.049803 0.194408
0 0.847017 0.262171 0.005671 0.011842
0 0.232742 0.396217 0.006903 0.008882
0 0.528723 0.263158 0.009122 0.025000
0 0.658161 0.274013 0.007150 0.026974
0 0.730030 0.283224 0.007396 0.032237
0 0.474545 0.268553 0.011171 0.014408
0 0.714497 0.283388 0.009862 0.033224
0 0.873397 0.258388 0.007150 0.020066
0 0.916667 0.258059 0.004438 0.023355
0 0.886341 0.301151 0.010848 0.034539
0 0.637821 0.271546 0.008383 0.025987
0 0.925912 0.257237 0.005671 0.023684
0 0.839374 0.690789 0.073718 0.182237
