0 0.874938 0.832533 0.134492 0.064539
0 0.520957 0.265296 0.007890 0.025987
0 0.656484 0.512500 0.037821 0.052632
0 0.854290 0.302566 0.013314 0.046842
0 0.324458 0.290734 0.005498 0.010888
0 0.480276 0.475000 0.012327 0.030263
0 0.837118 0.566447 0.008555 0.017105
0 0.955251 0.257237 0.006657 0.028289
0 0.566050 0.504934 0.022140 0.044079
0 0.146487 0.531760 0.016198 0.037204
0 0.917012 0.254572 0.003649 0.019934
0 0.777712 0.702796 0.060848 0.135197
0 0.341893 0.288299 0.006410 0.013158
0 0.874137 0.304770 0.013560 0.042434
0 0.896203 0.308388 0.008876 0.033882
0 0.492727 0.263816 0.005671 0.020395
0 0.858851 0.694737 0.066321 0.137500
0 0.964435 0.824572 0.060823 0.051118
0 0.319544 0.290530 0.006164 0.010855
0 0.729783 0.520395 0.016765 0.050658
0 0.508204 0.261789 0.005348 0.020467
0 0.920507 0.256714 0.003661 0.019704
0 0.505223 0.262836 0.006072 0.023934
0 0.465237 0.474178 0.011341 0.029934
0 0.129882 0.523059 0.022091 0.042829
0 0.981003 0.260688 0.007396 0.023026
0 0.493220 0.472862 0.018491 0.027961
0 0.335466 0.286655 0.005178 0.018421
0 0.930478 0.262500 0.005424 0.008553
0 0.777576 0.281480 0.009295 0.033355
0 0.524516 0.257664 0.002581 0.009013
0 0.527838 0.264949 0.007978 0.026313
0 0.762278 0.555099 0.035602 0.028618
0 0.787229 0.282072 0.007396 0.031250
