0 0.346506 0.310567 0.003363 0.011602
0 0.307273 0.383732 0.011499 0.042155
0 0.282039 0.312426 0.003595 0.011293
0 0.230796 0.409194 0.023190 0.039447
0 0.148815 0.324336 0.004524 0.018408
0 0.466744 0.300668 0.002433 0.004796
0 0.219684 0.394949 0.005217 0.011990
0 0.151656 0.322248 0.003942 0.013615
0 0.170497 0.357984 0.009159 0.027539
0 0.303722 0.352105 0.003824 0.017329
0 0.038482 0.514916 0.066625 0.083536
0 0.360594 0.312039 0.004872 0.010829
0 0.268357 0.346691 0.006842 0.021039
0 0.172236 0.317609 0.003595 0.010211
0 0.380031 0.379931 0.004154 0.024237
0 0.151305 0.424975 0.027828 0.102286
0 0.264068 0.326503 0.004522 0.014388
0 0.330656 0.443936 0.014591 0.028490
0 0.464773 0.299429 0.002436 0.008819
0 0.283455 0.417186 0.017394 0.036095
0 0.602988 0.392306 0.003866 0.008250
0 0.349932 0.353115 0.005604 0.014697
0 0.348482 0.447094 0.034204 0.031970
0 0.184991 0.361155 0.017276 0.037901
0 0.259082 0.325885 0.004756 0.016862
0 0.462339 0.307475 0.001970 0.009438
0 0.210602 0.360336 0.013526 0.015987
0 0.203741 0.368715 0.012754 0.015727
0 0.490339 0.308326 0.002320 0.007118
0 0.628787 0.391919 0.006958 0.018819
0 0.323216 0.359819 0.004154 0.025270
0 0.245194 0.403135 0.017004 0.054658
0 0.276185 0.314436 0.003942 0.014385
0 0.180179 0.326888 0.009973 0.010211
0 0.435902 0.301905 0.001741 0.008816
0 0.292184 0.351951 0.007653 0.011138
0 0.665648 0.390630 0.006282 0.007734
0 0.272069 0.314281 0.003363 0.012220
0 0.511148 0.364719 0.005121 0.006188
0 0.177454 0.317840 0.002897 0.011602
0 0.165074 0.431556 0.014206 0.032691
0 0.171657 0.324260 0.006839 0.012375
0 0.434047 0.302523 0.001970 0.006651
0 0.194609 0.362625 0.005925 0.039914
0 0.286039 0.317220 0.004174 0.007888
0 0.119792 0.429987 0.027133 0.095605
0 0.913727 0.400837 0.010185 0.018043
0 0.333521 0.320934 0.003826 0.015007
0 0.637774 0.392306 0.008309 0.013664
0 0.283141 0.343829 0.006031 0.024289
