0 0.588208 0.402270 0.006267 0.019862
0 0.371376 0.321813 0.003141 0.012250
0 0.946704 0.937079 0.102480 0.125842
0 0.977072 0.584240 0.026048 0.059336
0 0.427256 0.338201 0.005394 0.010842
0 0.401490 0.315748 0.001852 0.005253
0 0.403543 0.320319 0.001933 0.009454
0 0.200994 0.359086 0.008417 0.012118
0 0.649490 0.318053 0.001691 0.003007
0 0.483299 0.314298 0.002175 0.005359
0 0.425803 0.345071 0.003129 0.005477
0 0.527745 0.304688 0.002014 0.005480
0 0.426421 0.429084 0.004174 0.023615
0 0.194234 0.318554 0.003479 0.010957
0 0.237655 0.371100 0.006913 0.035720
0 0.156289 0.455058 0.033728 0.118957
0 0.585679 0.305650 0.001127 0.002694
0 0.429310 0.323752 0.002253 0.004951
0 0.344402 0.371503 0.008775 0.020316
0 0.368680 0.332883 0.004993 0.011161
0 0.820333 0.943061 0.084822 0.113878
0 0.331882 0.375479 0.009179 0.019885
0 0.300071 0.319661 0.003338 0.006868
0 0.651342 0.319288 0.001368 0.001609
0 0.398955 0.474974 0.006677 0.012474
0 0.466993 0.305709 0.001610 0.003438
0 0.351287 0.323696 0.002737 0.004826
0 0.250539 0.378620 0.003691 0.019069
0 0.988698 0.439283 0.003575 0.003737
0 0.243087 0.374638 0.004236 0.016651
0 0.451614 0.314087 0.003222 0.004082
0 0.183602 0.343589 0.006612 0.012033
0 0.341142 0.338954 0.003383 0.017092
0 0.730732 0.536921 0.025444 0.086079
0 0.197205 0.333061 0.003543 0.021918
0 0.164836 0.338109 0.006763 0.015684
0 0.654281 0.318326 0.001127 0.001816
0 0.558785 0.404309 0.008072 0.022829
0 0.247367 0.331497 0.004734 0.018822
0 0.252920 0.380725 0.009529 0.017010
0 0.642675 0.518609 0.024443 0.053730
0 0.400484 0.319674 0.002739 0.012033
0 0.595623 0.301036 0.001531 0.004836
0 0.218428 0.338837 0.004830 0.011615
0 0.365901 0.327559 0.003785 0.013428
0 0.196315 0.370554 0.016758 0.016760
0 0.551176 0.323429 0.001529 0.003424
0 0.234855 0.348706 0.005409 0.008378
0 0.973094 0.446824 0.009665 0.023977
0 0.251008 0.413178 0.014763 0.050046
0 0.254758 0.337168 0.004832 0.020368
0 0.583947 0.318704 0.001371 0.001493
0 0.511959 0.323424 0.002808 0.003224
0 0.474925 0.319836 0.003947 0.008487
0 0.388521 0.457487 0.032559 0.096013
0 0.486236 0.315860 0.001127 0.002043
0 0.239064 0.426518 0.019460 0.021753
0 0.336794 0.341054 0.003060 0.012891
0 0.685250 0.557638 0.042276 0.068704
0 0.277426 0.382482 0.006183 0.018694
0 0.289184 0.340951 0.003802 0.019546
0 0.520820 0.316021 0.001852 0.004727
0 0.006305 0.384515 0.012611 0.060641
0 0.312033 0.352548 0.008454 0.009668
0 0.547230 0.323220 0.001852 0.002579
0 0.179732 0.378283 0.012562 0.022355
0 0.643309 0.404035 0.007096 0.016707
0 0.213693 0.345484 0.008891 0.011474
0 0.334056 0.388538 0.007406 0.022345
0 0.971838 0.428905 0.005022 0.009796
0 0.444370 0.422289 0.012690 0.045224
0 0.544814 0.363398 0.003301 0.004941
0 0.715646 0.423668 0.005769 0.018928
0 0.325884 0.428441 0.012271 0.027329
0 0.475804 0.467360 0.024734 0.033648
0 0.242004 0.326724 0.005217 0.013658
0 0.431927 0.310059 0.005234 0.004618
0 0.558425 0.510189 0.045483 0.017641
0 0.721116 0.546946 0.034662 0.069234
0 0.295881 0.421414 0.017971 0.029263
0 0.541434 0.322939 0.002335 0.005694
0 0.208187 0.349737 0.004445 0.008895
0 0.296245 0.326995 0.004034 0.007424
0 0.304024 0.322933 0.004808 0.016938
0 0.235742 0.418640 0.010937 0.022470
0 0.026061 0.380956 0.021797 0.072707
0 0.203401 0.353465 0.003893 0.008326
0 0.461800 0.303393 0.003624 0.004826
0 0.462605 0.319771 0.002172 0.009023
0 0.484909 0.315798 0.001045 0.002148
0 0.470616 0.304791 0.001612 0.006562
0 0.523397 0.363500 0.003141 0.004072
0 0.232825 0.331561 0.003092 0.011470
0 0.412147 0.461942 0.025044 0.101359
0 0.291755 0.341099 0.003353 0.019250
0 0.237125 0.325373 0.003575 0.008378
0 0.438126 0.336696 0.002978 0.004845
0 0.323427 0.320694 0.007249 0.007197
0 0.450889 0.345076 0.004509 0.005059
0 0.432168 0.337449 0.004914 0.011937
0 0.464618 0.302051 0.001854 0.008174
0 0.225191 0.338901 0.008503 0.013033
0 0.466844 0.371321 0.005676 0.017819
0 0.493725 0.335135 0.003703 0.006875
0 0.451976 0.308712 0.002981 0.008819
0 0.226399 0.326082 0.002803 0.011342
0 0.305219 0.318268 0.005286 0.008168
0 0.353904 0.326765 0.002335 0.009023
0 0.642928 0.319030 0.001289 0.001289
0 0.375242 0.321281 0.003624 0.013740
0 0.337622 0.451905 0.025703 0.074513
0 0.711220 0.424257 0.004872 0.015158
0 0.320423 0.441461 0.027828 0.037645
0 0.429551 0.345834 0.002737 0.003760
0 0.362406 0.461637 0.024832 0.009924
0 0.221283 0.380143 0.011743 0.021036
0 0.094253 0.305946 0.004591 0.011174
0 0.809373 0.436141 0.004810 0.005349
0 0.348629 0.324396 0.003383 0.014385
0 0.607218 0.319240 0.001368 0.002566
0 0.230022 0.328595 0.003092 0.006572
0 0.266643 0.341222 0.006378 0.014839
0 0.413326 0.322845 0.002175 0.008487
0 0.190925 0.331556 0.007086 0.019980
0 0.195025 0.455727 0.025044 0.112717
0 0.339329 0.372900 0.006361 0.012773
0 0.508662 0.309028 0.001368 0.004299
0 0.487968 0.332238 0.004107 0.012878
0 0.668522 0.523421 0.020037 0.041967
0 0.645987 0.318326 0.001930 0.002697
0 0.238139 0.345097 0.005991 0.019984
0 0.220276 0.423474 0.019995 0.020862
0 0.982099 0.346811 0.005505 0.010444
