0 0.501673 0.320072 0.001048 0.001717
0 0.306156 0.321426 0.003945 0.015898
0 0.231700 0.383763 0.006817 0.012625
0 0.186981 0.356401 0.002803 0.004276
0 0.228898 0.319760 0.003383 0.014934
0 0.172456 0.328332 0.007012 0.010158
0 0.636410 0.402753 0.004985 0.006500
0 0.246249 0.312885 0.003301 0.013645
0 0.561509 0.398191 0.014492 0.014388
0 0.666318 0.402319 0.008617 0.019770
0 0.207281 0.362878 0.009463 0.013921
0 0.235298 0.320512 0.003624 0.015148
0 0.231032 0.319010 0.003785 0.016651
0 0.288002 0.321372 0.002744 0.013000
0 0.465353 0.312329 0.002367 0.008355
0 0.643542 0.403294 0.008582 0.018102
0 0.441421 0.307965 0.002364 0.009655
0 0.243070 0.312563 0.002899 0.015362
0 0.281235 0.320191 0.003866 0.006770
0 0.535975 0.298801 0.002014 0.005799
0 0.198903 0.331673 0.007012 0.012030
0 0.285060 0.320781 0.003785 0.006234
0 0.234292 0.308748 0.004186 0.009023
0 0.405593 0.302026 0.004731 0.015224
0 0.263068 0.314273 0.003479 0.007993
0 0.253576 0.333298 0.003464 0.010207
0 0.498200 0.396410 0.003826 0.004951
0 0.005708 0.388459 0.011415 0.072398
0 0.086366 0.407100 0.020059 0.084003
0 0.224882 0.370582 0.008767 0.037868
0 0.212928 0.333946 0.005811 0.011760
0 0.238237 0.311543 0.003220 0.015901
0 0.509885 0.298156 0.001368 0.006234
0 0.174158 0.322449 0.004810 0.009089
0 0.486414 0.318676 0.002897 0.004299
0 0.189264 0.361355 0.011541 0.016204
0 0.494142 0.389526 0.011711 0.015934
0 0.216532 0.365757 0.009322 0.022276
0 0.180270 0.330872 0.007813 0.009355
0 0.533840 0.298747 0.001289 0.006125
