0 0.665680 0.478947 0.013807 0.065132
0 0.090466 0.328663 0.005656 0.006951
0 0.215382 0.351686 0.008156 0.013806
0 0.552816 0.317464 0.001267 0.003046
0 0.711884 0.541365 0.041272 0.059704
0 0.401627 0.433388 0.010848 0.030592
0 0.359098 0.431250 0.029339 0.028947
0 0.558851 0.317766 0.001371 0.001625
0 0.563486 0.379276 0.002712 0.003947
0 0.333826 0.404276 0.008876 0.036184
0 0.517353 0.308490 0.001477 0.007092
0 0.351331 0.370395 0.004931 0.011184
0 0.206206 0.369673 0.002806 0.004326
0 0.211699 0.376924 0.016445 0.015362
0 0.533407 0.467928 0.016026 0.070724
0 0.168699 0.347115 0.014287 0.018829
0 0.234098 0.357730 0.004684 0.006908
0 0.322855 0.404605 0.008136 0.036842
0 0.718861 0.527303 0.025789 0.029605
0 0.218319 0.351809 0.010602 0.014803
0 0.520885 0.309016 0.001726 0.005921
0 0.168042 0.341852 0.009290 0.011579
