0 0.141373 0.411928 0.004359 0.020395
0 0.033900 0.438487 0.008136 0.016447
0 0.294872 0.374217 0.003452 0.004605
0 0.474136 0.358533 0.004894 0.003316
0 0.505301 0.623355 0.058925 0.163158
0 0.730893 0.365954 0.006657 0.009539
0 0.190901 0.370730 0.003306 0.005592
0 0.067288 0.387829 0.006361 0.016447
0 0.327909 0.517270 0.020710 0.042434
0 0.361070 0.413322 0.009122 0.010197
0 0.322059 0.351974 0.001726 0.006579
0 0.002284 0.407352 0.003661 0.008421
0 0.030222 0.487375 0.022682 0.027303
0 0.350592 0.565954 0.041420 0.011513
0 0.268491 0.401974 0.005424 0.009211
0 0.962648 0.574178 0.014546 0.064145
0 0.071574 0.391054 0.005150 0.016793
0 0.172463 0.402382 0.005917 0.010355
0 0.243836 0.384375 0.003945 0.008882
0 0.065459 0.453454 0.015533 0.028618
0 0.285133 0.363158 0.002712 0.008553
0 0.293393 0.415789 0.003945 0.006579
0 0.074983 0.390850 0.006514 0.017602
0 0.093565 0.398520 0.006164 0.018092
0 0.240312 0.503036 0.007443 0.020395
0 0.252835 0.364589 0.003698 0.012171
0 0.139053 0.410526 0.005917 0.023684
0 0.628908 0.559079 0.029512 0.039211
0 0.280942 0.415773 0.004684 0.009243
0 0.610823 0.548191 0.010108 0.019408
0 0.160404 0.406859 0.006706 0.008454
0 0.347389 0.353605 0.001578 0.004770
0 0.041415 0.451977 0.015779 0.018750
0 0.596277 0.549836 0.018984 0.029276
0 0.028665 0.403309 0.006940 0.021895
0 0.886711 0.474013 0.020957 0.042105
0 0.109064 0.387237 0.003321 0.015461
0 0.150271 0.466283 0.017012 0.021382
0 0.355030 0.364145 0.003452 0.007237
0 0.145102 0.515163 0.022734 0.007477
0 0.026566 0.461974 0.030942 0.015395
0 0.120138 0.389385 0.007756 0.009868
0 0.139111 0.390229 0.003045 0.013641
0 0.277860 0.400822 0.004438 0.006250
0 0.473028 0.426480 0.020414 0.008882
0 0.100456 0.409211 0.005202 0.019079
0 0.136095 0.389803 0.004438 0.018421
0 0.127912 0.408980 0.004931 0.007237
0 0.213511 0.477796 0.014793 0.045724
0 0.132273 0.489803 0.012574 0.076974
0 0.318243 0.373933 0.001980 0.002503
0 0.283531 0.403947 0.005917 0.009868
0 0.266469 0.369161 0.001824 0.007072
0 0.090147 0.420637 0.017241 0.008332
0 0.228585 0.384937 0.004191 0.009539
0 0.144268 0.390444 0.003526 0.015822
0 0.050727 0.431414 0.006780 0.030592
0 0.337401 0.357237 0.001726 0.003289
0 0.474112 0.657566 0.044379 0.203289
0 0.067308 0.414967 0.005917 0.022039
0 0.053929 0.493844 0.010298 0.031122
0 0.231755 0.418799 0.006903 0.004507
0 0.319815 0.351837 0.002283 0.007174
0 0.264916 0.406086 0.003698 0.008224
0 0.337155 0.371875 0.002219 0.003618
0 0.315828 0.418092 0.005424 0.009868
0 0.771450 0.365954 0.005424 0.005592
0 0.694034 0.880592 0.113905 0.238816
0 0.343812 0.356618 0.001790 0.002816
0 0.201800 0.401974 0.007643 0.009868
0 0.180449 0.426020 0.003402 0.013092
0 0.259246 0.406086 0.003205 0.005592
0 0.331127 0.352952 0.002687 0.005345
0 0.406065 0.506941 0.018245 0.072961
0 0.375986 0.413487 0.004931 0.007895
0 0.353797 0.353125 0.002465 0.005592
0 0.141026 0.389638 0.004438 0.017434
0 0.379191 0.538322 0.042406 0.047039
0 0.219181 0.399836 0.004438 0.005592
0 0.689818 0.664128 0.087229 0.138783
0 0.986317 0.465954 0.013067 0.018092
0 0.339620 0.410691 0.005178 0.007566
0 0.676066 0.560882 0.029278 0.034092
0 0.595574 0.455921 0.004758 0.023684
0 0.315335 0.373191 0.002465 0.003618
0 0.447115 0.638158 0.030819 0.189474
0 0.390039 0.364638 0.003452 0.010197
0 0.271598 0.351431 0.002268 0.007138
0 0.116876 0.499013 0.016790 0.038816
0 0.203649 0.402467 0.004438 0.011513
0 0.350592 0.411020 0.005424 0.006250
0 0.037475 0.381086 0.003945 0.010197
0 0.178254 0.372368 0.003945 0.011184
0 0.990261 0.578289 0.018984 0.073684
0 0.223989 0.386184 0.002712 0.007895
0 0.091265 0.379444 0.002727 0.011316
0 0.375244 0.535613 0.032110 0.048299
0 0.016674 0.418467 0.015779 0.013809
0 0.005441 0.417793 0.007194 0.010441
0 0.552761 0.345066 0.005424 0.003289
0 0.111037 0.387072 0.002922 0.012678
0 0.908900 0.413651 0.003698 0.006250
0 0.077436 0.420067 0.004527 0.007503
0 0.208210 0.403289 0.004191 0.009211
0 0.012081 0.394079 0.005424 0.022368
0 0.081435 0.496806 0.022387 0.030007
0 0.601659 0.457500 0.010010 0.027829
0 0.272681 0.394840 0.005348 0.003859
0 0.289053 0.388470 0.003353 0.006743
0 0.208950 0.389474 0.003698 0.006579
0 0.190952 0.489803 0.010602 0.054605
0 0.286489 0.398191 0.002959 0.007566
0 0.086600 0.396875 0.003082 0.017434
0 0.254191 0.480921 0.011834 0.045395
