0 0.305265 0.368298 0.005367 0.003313
0 0.088190 0.403577 0.003624 0.006661
0 0.873584 0.429410 0.009859 0.008339
0 0.182920 0.361625 0.004026 0.013428
0 0.395715 0.433880 0.014147 0.009747
0 0.102281 0.398258 0.004591 0.015148
0 0.192383 0.372530 0.004268 0.012678
0 0.097441 0.373349 0.004408 0.006684
0 0.089527 0.374016 0.005010 0.006947
0 0.034430 0.409438 0.005794 0.008822
0 0.179016 0.361572 0.004911 0.013105
0 0.032626 0.388184 0.005010 0.015507
0 0.792594 0.915525 0.127964 0.168951
0 0.108561 0.368536 0.004608 0.010961
0 0.273459 0.370322 0.002012 0.001882
0 0.156435 0.384831 0.005966 0.019016
0 0.227295 0.371979 0.004965 0.010385
0 0.207681 0.373390 0.004268 0.007734
0 0.436585 0.417480 0.003363 0.004487
0 0.058973 0.408367 0.005210 0.008286
0 0.273157 0.354028 0.002616 0.005102
0 0.278023 0.369875 0.003220 0.003493
0 0.792679 0.559648 0.037507 0.113559
0 0.347817 0.365115 0.002784 0.003868
0 0.410440 0.436276 0.011595 0.022586
0 0.080211 0.458074 0.010017 0.041997
0 0.107860 0.456339 0.009216 0.050283
0 0.163359 0.498854 0.030856 0.031010
0 0.078206 0.414783 0.011220 0.015770
0 0.086522 0.454334 0.009416 0.044135
0 0.019000 0.421734 0.006211 0.023257
0 0.036733 0.394334 0.007613 0.012832
0 0.263830 0.373411 0.003691 0.006447
0 0.910849 0.428929 0.004569 0.005451
0 0.255925 0.421332 0.011218 0.014967
0 0.254470 0.376275 0.004832 0.008773
0 0.920949 0.429571 0.005049 0.009944
0 0.268595 0.353536 0.002751 0.005553
0 0.146567 0.391008 0.005555 0.007951
0 0.110491 0.666255 0.052648 0.217115
0 0.832843 0.409863 0.027549 0.012253
0 0.182282 0.674237 0.059825 0.196362
0 0.069991 0.451539 0.009618 0.048651
0 0.066186 0.398076 0.005611 0.021921
0 0.102351 0.371209 0.003005 0.012562
0 0.029821 0.426546 0.009016 0.037158
0 0.266482 0.378021 0.001879 0.002418
0 0.158851 0.450202 0.008614 0.048115
0 0.084819 0.374686 0.004810 0.008286
0 0.056669 0.409824 0.006612 0.011253
0 0.940544 0.453630 0.004327 0.004812
0 0.113634 0.400301 0.005557 0.015793
0 0.115174 0.458610 0.007414 0.024352
0 0.172075 0.442584 0.013824 0.018977
0 0.129618 0.413192 0.006603 0.008918
0 0.807310 0.423694 0.022401 0.014664
0 0.008453 0.426423 0.010436 0.012437
0 0.075101 0.440712 0.008215 0.025931
0 0.100546 0.452997 0.005811 0.031303
0 0.266950 0.374352 0.002549 0.002954
0 0.890293 0.429572 0.006252 0.009303
0 0.807867 0.405130 0.023235 0.008352
0 0.093835 0.373214 0.004006 0.008020
0 0.288455 0.377933 0.001945 0.001878
0 0.104938 0.411258 0.004107 0.008701
