0 0.411547 0.408055 0.006334 0.038921
0 0.661441 0.490762 0.017221 0.063648
0 0.527437 0.305048 0.001680 0.007681
0 0.543856 0.304091 0.001844 0.006768
0 0.323777 0.326081 0.003109 0.014667
0 0.709264 0.492642 0.018226 0.063604
0 0.147508 0.440370 0.023906 0.109240
0 0.525157 0.305578 0.001632 0.005895
0 0.677371 0.513051 0.016921 0.017859
0 0.648810 0.511311 0.013878 0.016166
0 0.117723 0.442687 0.029270 0.105899
0 0.114997 0.333414 0.008214 0.012404
0 0.541306 0.303497 0.001838 0.007228
0 0.527908 0.336762 0.004105 0.003139
0 0.298794 0.363251 0.007699 0.024602
0 0.692819 0.500410 0.012038 0.047665
0 0.559222 0.336457 0.002428 0.004259
0 0.340763 0.385111 0.013224 0.026465
0 0.330076 0.413667 0.007424 0.012101
0 0.343126 0.413113 0.012507 0.018865
