0 0.325571 0.415331 0.023276 0.022178
0 0.298146 0.406541 0.015086 0.026885
0 0.266667 0.439168 0.036034 0.017810
0 0.238843 0.423152 0.028943 0.015515
0 0.417632 0.595382 0.075483 0.210368
0 0.352354 0.315481 0.003315 0.007018
0 0.348129 0.314424 0.004765 0.007838
0 0.286308 0.317347 0.003527 0.013790
0 0.280640 0.316832 0.003787 0.012816
0 0.256757 0.351853 0.004802 0.009669
0 0.257938 0.353596 0.016300 0.008444
0 0.200285 0.375929 0.008090 0.011455
0 0.232704 0.404448 0.017469 0.030222
0 0.212466 0.375897 0.007766 0.012077
