0 0.605339 0.342259 0.005130 0.007733
0 0.184409 0.341152 0.004228 0.012646
0 0.179434 0.341772 0.008607 0.014962
0 0.281024 0.327747 0.005730 0.008747
0 0.304300 0.394366 0.016311 0.023552
0 0.376572 0.401780 0.009001 0.020036
0 0.362462 0.399549 0.005482 0.024901
0 0.355377 0.395287 0.008810 0.030194
0 0.364985 0.390109 0.007644 0.039822
0 0.341622 0.349121 0.007005 0.012626
0 0.321379 0.348859 0.006121 0.007091
0 0.240789 0.337838 0.003159 0.017818
0 0.307941 0.342764 0.003804 0.019604
0 0.290771 0.330137 0.006587 0.007200
0 0.338154 0.348960 0.002735 0.012141
0 0.348333 0.399040 0.008180 0.021960
0 0.196193 0.343717 0.006887 0.013980
0 0.212197 0.354780 0.007223 0.012622
0 0.169912 0.339277 0.003362 0.008638
0 0.332741 0.388857 0.010412 0.042117
0 0.329179 0.388343 0.007723 0.043531
0 0.218767 0.356366 0.008256 0.015592
0 0.223113 0.356727 0.006408 0.017293
0 0.191496 0.346055 0.009437 0.010679
0 0.579582 0.343523 0.005354 0.007588
0 0.610745 0.343265 0.004349 0.006174
0 0.584906 0.343004 0.004403 0.007438
