0 0.272495 0.369099 0.013624 0.015507
0 0.310963 0.348783 0.006812 0.021388
0 0.392209 0.319512 0.003407 0.006681
0 0.394813 0.321918 0.005409 0.006684
0 0.232588 0.343169 0.006250 0.012187
0 0.061858 0.406567 0.022384 0.085859
0 0.076820 0.418326 0.012638 0.058322
0 0.293903 0.452266 0.048215 0.019336
0 0.302696 0.455747 0.044736 0.024493
0 0.263409 0.338653 0.006087 0.007609
0 0.257224 0.328082 0.004734 0.008895
0 0.258818 0.327566 0.007537 0.011730
0 0.217946 0.345808 0.010242 0.011345
0 0.183887 0.339942 0.007054 0.010701
0 0.195627 0.344970 0.011595 0.017145
0 0.207657 0.375008 0.017680 0.017405
0 0.211521 0.376168 0.010725 0.014566
0 0.220314 0.376038 0.011497 0.017405
0 0.238248 0.432220 0.042611 0.018434
0 0.224654 0.342368 0.004327 0.010586
0 0.709305 0.513257 0.020676 0.079309
0 0.273797 0.372574 0.014226 0.018714
