0 0.301333 0.368517 0.006663 0.027572
0 0.308431 0.369012 0.007608 0.027956
0 0.556290 0.401057 0.005954 0.027543
0 0.525581 0.406335 0.005754 0.025794
0 0.669249 0.531626 0.023525 0.043818
0 0.384829 0.384729 0.007707 0.034663
0 0.388380 0.385840 0.006523 0.035107
0 0.358190 0.377873 0.006030 0.034315
0 0.279540 0.409020 0.016753 0.021879
0 0.243531 0.378667 0.005912 0.020121
0 0.246608 0.384554 0.022411 0.020307
0 0.362467 0.321570 0.003655 0.013992
0 0.570778 0.425533 0.007989 0.017701
0 0.690185 0.407608 0.006632 0.009147
0 0.678978 0.407794 0.007302 0.009818
0 0.613722 0.405469 0.033828 0.021644
0 0.701585 0.407422 0.005909 0.012945
0 0.708710 0.406426 0.012041 0.020529
0 0.518845 0.404669 0.009555 0.028562
0 0.503751 0.413719 0.011275 0.038824
0 0.487609 0.404016 0.008186 0.027604
0 0.444883 0.425392 0.005388 0.028166
0 0.433764 0.424982 0.009334 0.026562
0 0.217229 0.371960 0.010485 0.036606
0 0.236517 0.358630 0.016790 0.014909
