0 0.463988 0.352424 0.001763 0.003111
0 0.470862 0.336529 0.002232 0.004614
0 0.514502 0.336889 0.001747 0.003071
0 0.504896 0.335980 0.002462 0.005212
0 0.474743 0.335786 0.003028 0.004630
0 0.222421 0.341992 0.006157 0.010238
0 0.176950 0.340814 0.007638 0.014857
0 0.339944 0.339632 0.004782 0.018513
0 0.356485 0.344442 0.005624 0.005337
0 0.462126 0.348560 0.002084 0.003624
0 0.465279 0.347091 0.002695 0.006505
0 0.153622 0.335323 0.005354 0.016448
0 0.998321 0.560705 0.003359 0.012230
0 0.890000 0.523634 0.022423 0.080570
0 0.867717 0.520006 0.024712 0.073709
0 0.807827 0.519204 0.020263 0.096784
0 0.765684 0.512897 0.021569 0.085317
0 0.750170 0.507636 0.016996 0.077576
0 0.702344 0.507212 0.013059 0.079394
0 0.686127 0.501673 0.014712 0.083038
0 0.298831 0.341188 0.005306 0.021059
0 0.344378 0.337602 0.004461 0.016998
0 0.377279 0.344281 0.002801 0.004521
