0 0.512925 0.323505 0.003262 0.005595
0 0.890936 0.347196 0.002838 0.006016
0 0.850169 0.345393 0.002093 0.002576
0 0.830079 0.339860 0.002012 0.002470
0 0.766469 0.397416 0.004985 0.008201
0 0.741889 0.337702 0.001741 0.002319
0 0.627216 0.338554 0.003363 0.004641
0 0.568060 0.306145 0.001553 0.004178
0 0.544379 0.318158 0.003915 0.007461
0 0.534873 0.319247 0.002049 0.005408
0 0.534035 0.324903 0.003449 0.006155
0 0.526906 0.304046 0.001864 0.005967
0 0.520404 0.330094 0.004334 0.015543
0 0.508359 0.321141 0.002049 0.008329
0 0.506031 0.322074 0.001770 0.005345
0 0.500905 0.323722 0.001958 0.005411
0 0.495312 0.325773 0.002424 0.005283
0 0.481100 0.328452 0.003422 0.003582
0 0.482844 0.338227 0.002907 0.008730
0 0.500154 0.354355 0.005703 0.005967
0 0.513352 0.355773 0.002685 0.003730
0 0.473987 0.354391 0.004250 0.008132
0 0.461405 0.337906 0.004250 0.008280
0 0.460483 0.318023 0.003526 0.008803
0 0.453018 0.306646 0.005370 0.003207
0 0.437557 0.308660 0.005981 0.003207
0 0.431657 0.308100 0.004137 0.004477
0 0.424724 0.307503 0.001455 0.009849
0 0.425507 0.306906 0.001230 0.009102
0 0.410242 0.322498 0.004364 0.009549
0 0.408506 0.327684 0.002244 0.006342
0 0.435125 0.333020 0.002571 0.006414
0 0.436383 0.337271 0.004305 0.012089
0 0.443036 0.336077 0.004416 0.012681
0 0.458945 0.348648 0.002682 0.002908
0 0.453301 0.350957 0.002914 0.003349
0 0.433335 0.344993 0.004475 0.011414
0 0.424220 0.359877 0.003691 0.005076
0 0.421229 0.358273 0.004194 0.007237
0 0.415806 0.356891 0.006430 0.010296
0 0.409906 0.344173 0.006262 0.013056
0 0.399953 0.318472 0.002239 0.007161
0 0.395732 0.319143 0.005089 0.006714
0 0.390789 0.318322 0.004014 0.012684
0 0.390391 0.328095 0.002350 0.005520
0 0.379571 0.335444 0.004083 0.003803
0 0.375992 0.334921 0.003074 0.004553
0 0.381304 0.344321 0.004083 0.012905
0 0.374790 0.344285 0.004586 0.012832
0 0.371828 0.344285 0.004697 0.009997
0 0.366207 0.343464 0.003858 0.012980
0 0.365033 0.326641 0.005535 0.015592
0 0.360700 0.328729 0.002347 0.007536
0 0.358687 0.322985 0.004697 0.012010
0 0.357903 0.333056 0.004361 0.010072
0 0.355695 0.329998 0.003299 0.013951
0 0.352368 0.334921 0.003242 0.016487
0 0.350157 0.325336 0.003854 0.013428
0 0.344988 0.328133 0.002125 0.007089
0 0.343785 0.345888 0.003634 0.016336
0 0.341101 0.353720 0.004643 0.021711
0 0.330393 0.350439 0.004248 0.021411
0 0.304949 0.318408 0.002281 0.008862
0 0.300354 0.350771 0.003153 0.013609
0 0.291495 0.348533 0.006373 0.022559
0 0.287670 0.366796 0.004630 0.012355
0 0.282203 0.339043 0.003622 0.009487
0 0.281028 0.347725 0.005705 0.022740
0 0.271097 0.345980 0.006105 0.023007
0 0.285088 0.323913 0.002414 0.008595
0 0.286093 0.318094 0.003489 0.012174
0 0.282840 0.318855 0.002618 0.014592
0 0.280360 0.318809 0.001953 0.008237
0 0.276399 0.325480 0.008119 0.007789
0 0.270025 0.323868 0.002751 0.007612
0 0.274020 0.317020 0.003898 0.011461
0 0.267509 0.324942 0.004026 0.012984
0 0.267071 0.330538 0.003289 0.004832
0 0.266870 0.332686 0.007448 0.008418
0 0.260362 0.336492 0.003960 0.014951
0 0.261100 0.356590 0.005971 0.017010
0 0.256437 0.348039 0.006844 0.027842
0 0.239359 0.331880 0.005301 0.009668
0 0.244359 0.333000 0.004965 0.019428
0 0.242379 0.341414 0.003688 0.022651
0 0.254859 0.319257 0.003422 0.015039
0 0.244188 0.315097 0.004253 0.014826
0 0.226554 0.321995 0.004736 0.017273
0 0.218921 0.316322 0.003770 0.006961
0 0.223542 0.352194 0.003301 0.014612
0 0.222133 0.374969 0.019808 0.022563
0 0.211187 0.351012 0.004500 0.008595
0 0.216296 0.354023 0.004588 0.004520
0 0.205189 0.356222 0.012636 0.011707
0 0.199350 0.367771 0.020284 0.015470
0 0.211384 0.377069 0.023755 0.006112
0 0.175271 0.357350 0.012559 0.016332
0 0.184331 0.338442 0.007167 0.022990
0 0.179056 0.336778 0.006119 0.023312
0 0.171890 0.332373 0.004189 0.004622
0 0.172332 0.320824 0.002495 0.004299
0 0.226341 0.340701 0.002318 0.004382
0 0.223294 0.338058 0.007835 0.009155
0 0.200301 0.340694 0.006509 0.017914
0 0.162001 0.312934 0.004174 0.016263
0 0.234883 0.409839 0.006087 0.009539
0 0.239618 0.416090 0.033723 0.030293
0 0.229472 0.427112 0.041065 0.018822
0 0.268209 0.409581 0.014396 0.048470
0 0.263813 0.398301 0.010629 0.025398
0 0.288402 0.413127 0.007441 0.019207
0 0.298452 0.421505 0.017875 0.032102
0 0.286229 0.401903 0.014495 0.036753
0 0.326134 0.418469 0.012559 0.056477
0 0.355362 0.420725 0.012850 0.040365
0 0.371885 0.418212 0.018262 0.052352
0 0.391204 0.427299 0.012069 0.014066
0 0.381769 0.362561 0.003227 0.015128
0 0.378047 0.362919 0.004763 0.018352
0 0.419530 0.420855 0.006571 0.014066
0 0.430593 0.416219 0.009371 0.022299
0 0.378123 0.457401 0.045520 0.021928
0 0.361072 0.459217 0.037490 0.007987
0 0.508381 0.492107 0.040929 0.008661
0 0.479162 0.484294 0.017742 0.009747
0 0.494294 0.480891 0.017626 0.019336
0 0.567421 0.505844 0.055656 0.028773
0 0.543884 0.510178 0.043365 0.044243
0 0.517216 0.507855 0.016928 0.043934
0 0.586323 0.476224 0.029919 0.037289
0 0.586320 0.422694 0.012522 0.023671
0 0.740694 0.422942 0.009278 0.021194
0 0.761217 0.496965 0.021566 0.084464
0 0.915381 0.567974 0.039406 0.052342
0 0.901939 0.567533 0.042576 0.057697
0 0.855104 0.563189 0.020370 0.049898
0 0.837324 0.571209 0.063947 0.061484
0 0.997044 0.620492 0.005912 0.046872
0 0.282509 0.678306 0.042872 0.167072
0 0.442955 0.535062 0.050491 0.092770
0 0.388858 0.618595 0.047318 0.225191
0 0.441657 0.663056 0.081938 0.257908
0 0.370537 0.678646 0.092036 0.246747
0 0.198672 0.360411 0.008232 0.014697
0 0.208429 0.338507 0.006198 0.012033
0 0.323974 0.321373 0.011193 0.003760
