0 0.545701 0.343783 0.004578 0.007013
0 0.555486 0.331997 0.002130 0.005671
0 0.375319 0.373283 0.005101 0.007888
0 0.379783 0.372433 0.004290 0.009589
0 0.426865 0.372433 0.005461 0.019490
0 0.198735 0.343470 0.002175 0.010099
0 0.196561 0.346962 0.006198 0.011280
0 0.202761 0.345618 0.003462 0.015684
0 0.211497 0.345137 0.004349 0.018155
0 0.195876 0.364850 0.013528 0.014826
0 0.165762 0.368018 0.006923 0.025030
0 0.178041 0.376128 0.007167 0.040395
0 0.178443 0.400086 0.002818 0.008809
0 0.179091 0.403954 0.010057 0.013750
0 0.214530 0.428166 0.025323 0.034714
0 0.228549 0.374724 0.010668 0.019954
0 0.221673 0.380671 0.015298 0.006803
0 0.256879 0.388102 0.005104 0.032487
0 0.252994 0.388257 0.005683 0.032178
0 0.284127 0.436059 0.016001 0.054454
0 0.268183 0.433740 0.014029 0.057546
0 0.274676 0.411849 0.008464 0.017171
0 0.283257 0.409839 0.012406 0.023053
0 0.298447 0.414092 0.012870 0.024750
0 0.294156 0.414944 0.005219 0.014388
0 0.297634 0.442248 0.011013 0.045484
0 0.313344 0.436910 0.019712 0.054918
0 0.342914 0.439539 0.016933 0.049658
0 0.403067 0.468942 0.018235 0.020582
0 0.427011 0.462125 0.012823 0.020316
0 0.472792 0.490327 0.025446 0.054266
0 0.504750 0.484980 0.023242 0.067099
0 0.755096 0.439535 0.008614 0.013628
0 0.679360 0.522406 0.030653 0.107194
0 0.757199 0.550474 0.020838 0.043572
0 0.970180 0.599260 0.025247 0.039566
0 0.987511 0.610488 0.024643 0.059345
0 0.712161 0.866053 0.152473 0.267895
0 0.406483 0.322972 0.001773 0.006766
0 0.437532 0.324475 0.001982 0.005878
0 0.423850 0.323298 0.001738 0.006319
0 0.421336 0.322911 0.002125 0.007349
0 0.416361 0.329872 0.003190 0.004513
0 0.494433 0.334964 0.001257 0.004901
0 0.491921 0.334385 0.001834 0.006316
0 0.476474 0.335391 0.001455 0.004250
0 0.457435 0.337069 0.001847 0.001941
0 0.515615 0.350798 0.002571 0.002984
0 0.439967 0.323702 0.002655 0.008352
