0 0.885823 0.254572 0.006183 0.021789
0 0.896598 0.251413 0.005508 0.015727
0 0.719728 0.697816 0.034623 0.139349
0 0.713958 0.783273 0.036354 0.091618
0 0.612400 0.787891 0.051930 0.107783
0 0.577923 0.768452 0.052221 0.112786
0 0.533347 0.798286 0.047315 0.107783
0 0.711080 0.269398 0.004541 0.003224
0 0.699728 0.269914 0.006186 0.006059
0 0.804951 0.285577 0.009857 0.035582
0 0.790408 0.283900 0.012078 0.038674
0 0.778089 0.284288 0.010049 0.036095
0 0.465401 0.810988 0.049914 0.103161
0 0.493532 0.772090 0.088863 0.242549
0 0.847416 0.254056 0.004349 0.023849
0 0.875436 0.251479 0.005700 0.013280
0 0.840556 0.254766 0.005895 0.021658
0 0.871378 0.250898 0.003383 0.009796
0 0.489524 0.265401 0.004157 0.008382
0 0.477253 0.261340 0.006859 0.022174
0 0.495367 0.264235 0.005212 0.011464
