0 0.276282 0.403789 0.003698 0.012434
0 0.701455 0.449028 0.009029 0.014964
0 0.661467 0.450339 0.004946 0.007072
0 0.866721 0.464839 0.009014 0.030888
0 0.977167 0.466959 0.006893 0.011082
0 0.566161 0.367319 0.003274 0.005184
0 0.484810 0.373868 0.005828 0.004638
0 0.479031 0.375095 0.002046 0.005184
0 0.482509 0.399929 0.007364 0.004095
0 0.483019 0.437656 0.007976 0.018148
0 0.477140 0.439362 0.005419 0.015829
0 0.462771 0.462558 0.006341 0.006003
0 0.434495 0.501007 0.018378 0.072618
0 0.407811 0.450433 0.009896 0.007780
0 0.433751 0.401679 0.009204 0.004405
0 0.431542 0.405117 0.002823 0.002470
0 0.391965 0.382365 0.002209 0.002783
0 0.379877 0.383184 0.004295 0.004092
0 0.393008 0.362472 0.003067 0.003602
0 0.401414 0.345273 0.001472 0.002276
0 0.372575 0.343316 0.002700 0.006875
0 0.391596 0.344217 0.000737 0.001474
0 0.359322 0.364265 0.003437 0.005911
0 0.349136 0.366887 0.002207 0.004602
0 0.346805 0.365993 0.001963 0.005730
0 0.352511 0.366918 0.001595 0.002342
0 0.343926 0.363303 0.001990 0.006914
0 0.342790 0.362875 0.001704 0.006632
0 0.337500 0.365576 0.001775 0.003316
0 0.345382 0.385711 0.001918 0.003789
0 0.343925 0.385617 0.002130 0.005115
0 0.351313 0.399214 0.003267 0.005401
0 0.341334 0.400209 0.004191 0.005497
0 0.327734 0.401867 0.005256 0.005214
0 0.325497 0.387038 0.002202 0.005872
0 0.326988 0.371120 0.002202 0.005115
0 0.322479 0.371877 0.002414 0.003220
0 0.331214 0.361265 0.001990 0.004168
0 0.325926 0.361076 0.002197 0.005493
0 0.311257 0.361171 0.002130 0.005684
0 0.302878 0.362260 0.001847 0.005967
0 0.300783 0.362118 0.001635 0.005875
0 0.299221 0.356102 0.001918 0.006158
0 0.295669 0.355627 0.001635 0.005970
0 0.293145 0.356196 0.002123 0.007484
0 0.331195 0.354008 0.001595 0.006056
0 0.321868 0.357038 0.003070 0.003602
0 0.292729 0.393492 0.003254 0.007898
0 0.277392 0.387403 0.004241 0.007563
0 0.285752 0.388161 0.003304 0.005263
0 0.262571 0.398066 0.002811 0.004276
0 0.296232 0.422311 0.005131 0.021056
0 0.315343 0.427345 0.003698 0.007039
0 0.311988 0.415173 0.007152 0.011516
0 0.297390 0.411521 0.006068 0.013030
0 0.270375 0.397775 0.002944 0.002128
0 0.272093 0.363962 0.003683 0.006878
0 0.275284 0.353648 0.002456 0.003276
0 0.263871 0.360771 0.003683 0.012280
0 0.254667 0.362735 0.009571 0.007043
0 0.247795 0.361836 0.003928 0.005895
0 0.225214 0.383938 0.002944 0.004586
0 0.200978 0.422579 0.003804 0.013757
0 0.191100 0.433304 0.007362 0.022102
0 0.177231 0.436169 0.011780 0.021286
0 0.191467 0.473337 0.009818 0.031109
0 0.227914 0.472845 0.015464 0.052395
0 0.186865 0.396791 0.005279 0.011299
0 0.185147 0.399656 0.005032 0.009168
0 0.179318 0.399984 0.006871 0.011132
0 0.180483 0.383610 0.003067 0.010806
0 0.176860 0.383201 0.003183 0.010967
0 0.173367 0.371740 0.002576 0.009336
0 0.138200 0.417176 0.005153 0.017095
0 0.120160 0.408530 0.004418 0.017487
0 0.119572 0.394187 0.003829 0.010414
0 0.117657 0.388196 0.002650 0.007859
0 0.112502 0.417275 0.003240 0.015326
0 0.108527 0.412952 0.004712 0.023970
0 0.104331 0.413640 0.004859 0.023773
0 0.101900 0.400574 0.006186 0.016898
0 0.091297 0.407648 0.006183 0.022007
0 0.085038 0.406174 0.006334 0.024954
0 0.078780 0.412263 0.004418 0.020632
0 0.081504 0.421204 0.003388 0.018079
0 0.084154 0.444192 0.007806 0.038905
0 0.065304 0.451461 0.011339 0.016112
0 0.060298 0.449202 0.009571 0.018273
0 0.083272 0.377880 0.003092 0.009234
0 0.065599 0.406566 0.009571 0.011197
0 0.064495 0.400084 0.005597 0.008056
0 0.046426 0.433288 0.007655 0.030063
0 0.033173 0.432403 0.008540 0.030648
0 0.013293 0.424740 0.011487 0.027901
0 0.092322 0.495630 0.016080 0.062247
0 0.009703 0.545110 0.019406 0.066207
0 0.168396 0.537303 0.039953 0.133428
0 0.140150 0.504199 0.010434 0.021049
0 0.137009 0.511880 0.011445 0.018556
0 0.120852 0.506561 0.016965 0.034931
0 0.124027 0.494893 0.018203 0.022786
0 0.126993 0.489982 0.011250 0.018148
0 0.113950 0.488617 0.005000 0.014872
0 0.106796 0.483500 0.011146 0.024559
0 0.069207 0.495964 0.019879 0.060908
0 0.077749 0.480344 0.005745 0.010806
0 0.036368 0.495278 0.032249 0.012378
0 0.024587 0.480049 0.022236 0.017684
0 0.119324 0.428952 0.010074 0.018628
0 0.124197 0.422067 0.003977 0.020562
0 0.127500 0.407903 0.007599 0.010234
0 0.318824 0.535939 0.046021 0.016556
0 0.321892 0.530618 0.047246 0.018026
0 0.267160 0.514988 0.025404 0.035530
0 0.286610 0.540368 0.024053 0.041750
0 0.352081 0.558543 0.029083 0.040770
0 0.339687 0.554857 0.016321 0.039951
0 0.423013 0.558378 0.027120 0.023086
0 0.378957 0.507130 0.015340 0.069260
0 0.555390 0.581730 0.043259 0.020967
0 0.537364 0.579765 0.045804 0.066773
0 0.534714 0.606217 0.040079 0.057434
0 0.747512 0.600842 0.075069 0.030842
0 0.685592 0.590516 0.037747 0.046401
0 0.790349 0.557271 0.011028 0.021786
0 0.822157 0.605227 0.044956 0.056020
0 0.778155 0.642433 0.024386 0.044984
0 0.815053 0.669028 0.107512 0.101003
0 0.876019 0.691238 0.047927 0.096760
0 0.932957 0.699020 0.085037 0.102704
0 0.636402 0.892745 0.119253 0.211911
0 0.501584 0.933171 0.122946 0.133658
0 0.479686 0.844518 0.112922 0.236549
0 0.523481 0.817766 0.086538 0.305546
0 0.350671 0.860306 0.095508 0.279388
