0 0.371849 0.325202 0.002470 0.014549
0 0.937883 0.426169 0.037867 0.014168
0 0.913037 0.415077 0.032258 0.006951
0 0.876873 0.423765 0.006812 0.011497
0 0.814014 0.432411 0.012367 0.010184
0 0.754204 0.414944 0.011982 0.016243
0 0.693767 0.422747 0.010148 0.033651
0 0.808950 0.334737 0.008294 0.009776
0 0.778231 0.337530 0.003055 0.004836
0 0.730043 0.335109 0.006990 0.005895
0 0.725095 0.339211 0.002907 0.002612
0 0.545926 0.325916 0.005407 0.005161
0 0.540381 0.326880 0.001585 0.002859
0 0.511212 0.325729 0.002887 0.006280
0 0.439286 0.330612 0.002335 0.003329
0 0.424295 0.330331 0.002051 0.003049
0 0.422406 0.330206 0.002283 0.003418
0 0.418866 0.329988 0.004522 0.006339
0 0.408614 0.330145 0.002470 0.004414
0 0.409454 0.321938 0.004613 0.006776
0 0.406075 0.327719 0.003728 0.009885
0 0.390324 0.325855 0.003262 0.006776
0 0.373527 0.325885 0.002192 0.012434
0 0.369869 0.325513 0.002421 0.012434
0 0.354725 0.352301 0.004509 0.007734
0 0.348484 0.348918 0.006844 0.015579
0 0.336689 0.344673 0.002737 0.016543
0 0.396112 0.351549 0.002416 0.003007
0 0.317675 0.342112 0.005173 0.017908
0 0.300226 0.345562 0.004194 0.013493
0 0.295867 0.342391 0.004993 0.022197
0 0.294802 0.317515 0.003301 0.013641
0 0.281436 0.333952 0.005880 0.018372
0 0.273384 0.328151 0.002818 0.005908
0 0.272941 0.336477 0.003866 0.018480
0 0.257160 0.320952 0.005473 0.009990
0 0.245807 0.319771 0.004993 0.013214
0 0.232400 0.333523 0.004914 0.015362
0 0.241419 0.346521 0.011837 0.010418
0 0.228051 0.343352 0.009421 0.009882
0 0.223624 0.322887 0.003787 0.007411
0 0.206594 0.320470 0.002256 0.005158
0 0.205668 0.326109 0.004428 0.018586
0 0.209654 0.324928 0.003863 0.015362
0 0.213680 0.331964 0.005796 0.024066
0 0.217576 0.347510 0.013688 0.011066
0 0.204732 0.355191 0.010387 0.011816
0 0.183155 0.351217 0.007650 0.027717
0 0.199218 0.331449 0.004349 0.015898
0 0.198815 0.322910 0.004026 0.013859
0 0.145472 0.328120 0.008937 0.013536
0 0.151108 0.307383 0.004268 0.012891
0 0.133706 0.324229 0.007791 0.017451
0 0.291487 0.427816 0.039793 0.014480
0 0.224771 0.422523 0.020454 0.082980
0 0.195482 0.413891 0.022818 0.082053
0 0.143026 0.409064 0.025880 0.089477
0 0.117774 0.410643 0.024073 0.081497
0 0.108939 0.380199 0.022818 0.057734
0 0.085634 0.413799 0.022401 0.088921
0 0.065110 0.400155 0.028661 0.090961
0 0.393519 0.386238 0.012562 0.012891
0 0.413971 0.381781 0.009342 0.021378
0 0.349146 0.441551 0.007512 0.020793
0 0.372802 0.458130 0.028183 0.016865
0 0.348606 0.444863 0.024396 0.031799
0 0.399131 0.465812 0.029149 0.038461
0 0.486822 0.466576 0.045079 0.034717
0 0.658911 0.541099 0.060791 0.012355
0 0.719545 0.551513 0.048065 0.012796
0 0.027209 0.399245 0.020873 0.079641
0 0.009956 0.398410 0.010296 0.057174
0 0.214984 0.358488 0.008839 0.014845
