0 0.927945 0.504576 0.021437 0.040901
0 0.966013 0.502304 0.016228 0.051326
0 0.316113 0.517293 0.013217 0.073329
0 0.324253 0.515242 0.015306 0.066293
0 0.295661 0.502255 0.016834 0.070359
0 0.279451 0.522118 0.025047 0.044368
0 0.218717 0.501235 0.011827 0.018194
0 0.242023 0.498729 0.009460 0.020609
0 0.248076 0.422709 0.007931 0.022648
0 0.270546 0.409622 0.006122 0.008355
0 0.245989 0.392265 0.007096 0.005201
0 0.191425 0.462308 0.018452 0.043793
0 0.610979 0.551490 0.030656 0.093026
0 0.167199 0.459291 0.014783 0.048859
0 0.155652 0.459742 0.011211 0.040740
0 0.140344 0.481457 0.016363 0.033191
0 0.143768 0.478559 0.016196 0.036757
0 0.075729 0.483127 0.020703 0.035641
0 0.061370 0.480120 0.014026 0.029181
0 0.052104 0.469762 0.008849 0.021832
0 0.018293 0.435010 0.010353 0.027178
0 0.008944 0.430666 0.010017 0.030516
0 0.032966 0.395482 0.004808 0.016839
0 0.264774 0.355632 0.002665 0.009125
0 0.268659 0.355863 0.002086 0.007734
0 0.257412 0.357411 0.005565 0.004638
