0 0.247803 0.351549 0.002821 0.009993
0 0.251145 0.352462 0.003222 0.010957
0 0.185455 0.361763 0.003750 0.010007
0 0.076398 0.374461 0.004324 0.016947
0 0.082888 0.378316 0.005195 0.009237
0 0.090547 0.373548 0.002707 0.009411
0 0.088084 0.376385 0.003383 0.015855
0 0.101610 0.376579 0.004541 0.016243
0 0.103786 0.377604 0.003479 0.013937
0 0.013552 0.437526 0.018365 0.025842
0 0.002940 0.411462 0.004859 0.023168
0 0.014376 0.432280 0.010705 0.036336
0 0.027576 0.427836 0.015025 0.014480
0 0.040404 0.436696 0.008580 0.027227
0 0.049100 0.418130 0.007421 0.028155
0 0.056753 0.420064 0.009275 0.026760
0 0.069855 0.404748 0.005567 0.022431
0 0.072753 0.400418 0.004174 0.015007
0 0.074666 0.427799 0.007305 0.029546
0 0.080579 0.407148 0.005912 0.022586
0 0.095306 0.405910 0.005680 0.025372
0 0.118960 0.407146 0.004058 0.015161
0 0.122901 0.404903 0.006146 0.022122
0 0.131250 0.394539 0.004522 0.005105
0 0.147772 0.388738 0.003942 0.018872
0 0.142961 0.420219 0.004290 0.024905
0 0.174671 0.413334 0.003711 0.006187
0 0.186556 0.409933 0.003826 0.004951
0 0.188818 0.413025 0.003711 0.004023
0 0.032044 0.470492 0.008614 0.022457
0 0.039557 0.467150 0.006812 0.015773
0 0.049776 0.479046 0.018432 0.036355
0 0.156366 0.450309 0.010819 0.041967
0 0.196138 0.434671 0.007813 0.018711
0 0.229797 0.441487 0.003005 0.005079
0 0.161075 0.506715 0.032258 0.030207
0 0.156868 0.499898 0.007813 0.019783
0 0.292610 0.474502 0.011620 0.056135
0 0.451903 0.426762 0.005680 0.005260
0 0.460020 0.426299 0.006144 0.009592
0 0.463208 0.427072 0.003013 0.003401
0 0.420865 0.463827 0.019389 0.037878
0 0.893801 0.400543 0.008311 0.015704
