0 0.023858 0.476166 0.012983 0.045036
0 0.833457 0.618929 0.031736 0.062234
0 0.884909 0.627110 0.052894 0.054214
0 0.691949 0.454362 0.009159 0.028309
0 0.685457 0.455212 0.008232 0.023516
0 0.331579 0.368865 0.002907 0.003507
0 0.325092 0.368008 0.003134 0.006714
0 0.032705 0.473117 0.010089 0.051990
0 0.116419 0.485890 0.010900 0.049194
0 0.174451 0.502984 0.017739 0.029855
0 0.197409 0.507855 0.027480 0.029395
0 0.214686 0.427860 0.006028 0.020576
0 0.218158 0.463132 0.008802 0.040375
0 0.199959 0.460270 0.011827 0.043625
0 0.183786 0.462359 0.015885 0.017789
0 0.163553 0.438768 0.008348 0.014234
0 0.163320 0.457949 0.013681 0.028155
0 0.169930 0.463905 0.005796 0.015316
0 0.112419 0.430413 0.006262 0.026918
0 0.119898 0.431033 0.005451 0.025059
0 0.137870 0.426158 0.005912 0.027382
0 0.332110 0.393187 0.002293 0.002461
0 0.287908 0.380617 0.002458 0.004773
0 0.285896 0.373380 0.004361 0.006563
0 0.277340 0.370247 0.003353 0.008954
0 0.272000 0.375469 0.003634 0.006865
0 0.271916 0.368643 0.003580 0.006641
0 0.251898 0.375878 0.002574 0.009178
0 0.256959 0.354766 0.001847 0.008283
0 0.233082 0.361406 0.001844 0.006490
0 0.230874 0.380467 0.001566 0.003730
0 0.229336 0.380653 0.001733 0.004253
0 0.222123 0.382967 0.002293 0.005743
0 0.219858 0.381660 0.002685 0.008655
0 0.273595 0.401169 0.006262 0.013207
0 0.269569 0.400984 0.003131 0.012980
0 0.208311 0.369648 0.002742 0.007461
0 0.202887 0.368419 0.003748 0.011714
0 0.196709 0.369724 0.004808 0.013132
0 0.195870 0.396171 0.005143 0.010816
0 0.190195 0.394977 0.003412 0.014250
0 0.185805 0.395127 0.003804 0.007385
0 0.181024 0.396880 0.003301 0.013431
0 0.177302 0.397589 0.004914 0.010368
0 0.170428 0.395760 0.002350 0.016711
0 0.172046 0.395650 0.002465 0.015891
0 0.189747 0.382184 0.002853 0.010296
0 0.168079 0.381883 0.003018 0.014174
0 0.139003 0.394865 0.006822 0.020888
0 0.129525 0.392666 0.004529 0.017234
0 0.122313 0.385465 0.005089 0.016714
0 0.114093 0.385391 0.002293 0.011191
0 0.137355 0.376775 0.003634 0.005747
0 0.133608 0.377332 0.003188 0.004178
0 0.112682 0.409947 0.002821 0.009132
0 0.115572 0.407528 0.003886 0.021306
0 0.108356 0.407439 0.005301 0.021484
0 0.101615 0.399607 0.005227 0.017457
0 0.093664 0.398577 0.006248 0.020411
0 0.087186 0.404082 0.006575 0.025336
0 0.082453 0.392936 0.005301 0.008056
0 0.079472 0.393294 0.005094 0.007878
0 0.056553 0.384701 0.006509 0.009132
0 0.063703 0.384701 0.006169 0.006447
0 0.048771 0.386984 0.005703 0.008684
0 0.043137 0.392444 0.004490 0.016743
0 0.069776 0.408424 0.008782 0.021664
0 0.061045 0.406722 0.009320 0.024530
0 0.046086 0.409408 0.009194 0.010921
0 0.016932 0.393653 0.005905 0.017727
0 0.018009 0.408322 0.006511 0.011362
0 0.013084 0.404089 0.007012 0.026954
0 0.003650 0.400414 0.005175 0.014257
0 0.002284 0.390613 0.004569 0.016931
0 0.022855 0.429375 0.012179 0.020493
0 0.011308 0.472704 0.013849 0.025020
0 0.027897 0.449992 0.009522 0.025793
0 0.147261 0.431265 0.005217 0.019957
0 0.337869 0.364949 0.005535 0.006266
0 0.348661 0.364837 0.002628 0.006043
0 0.356042 0.349431 0.001511 0.002237
0 0.365549 0.364390 0.002853 0.003655
0 0.341895 0.345888 0.000949 0.005743
0 0.418220 0.355516 0.002012 0.003671
0 0.410369 0.356551 0.001477 0.002312
0 0.412684 0.356322 0.001142 0.002059
0 0.390149 0.542308 0.039075 0.040069
0 0.490212 0.577734 0.051366 0.016243
0 0.555897 0.578352 0.072352 0.026454
