0 0.972584 0.518931 0.019034 0.089020
0 0.231451 0.424906 0.033508 0.021503
0 0.296903 0.419801 0.018319 0.022122
0 0.292150 0.424906 0.029916 0.019030
0 0.424736 0.471857 0.033511 0.035891
0 0.391575 0.466288 0.017046 0.037747
0 0.369313 0.450199 0.022379 0.030010
0 0.348152 0.446332 0.019712 0.034342
0 0.486074 0.465438 0.023770 0.036974
0 0.693065 0.502441 0.034729 0.038316
0 0.130946 0.331911 0.006926 0.010526
0 0.124624 0.320900 0.005234 0.015148
0 0.176222 0.323467 0.003706 0.009132
0 0.182341 0.320620 0.004509 0.015687
0 0.188945 0.329148 0.006839 0.010211
0 0.192018 0.321645 0.004638 0.016862
0 0.209424 0.352005 0.009731 0.025141
0 0.204672 0.362002 0.010064 0.013951
0 0.199304 0.354581 0.003804 0.007161
0 0.214974 0.323811 0.003942 0.009747
0 0.228715 0.342607 0.010784 0.008352
0 0.254340 0.352043 0.008000 0.025987
0 0.242339 0.322961 0.006723 0.008355
0 0.253818 0.327910 0.013449 0.006806
0 0.258513 0.319942 0.004058 0.013766
0 0.311140 0.318321 0.001852 0.009240
0 0.318950 0.316118 0.002978 0.009993
0 0.322372 0.314829 0.004349 0.012783
0 0.339965 0.349099 0.006361 0.020520
0 0.351037 0.318214 0.002576 0.012033
0 0.354661 0.318804 0.002576 0.011707
0 0.359331 0.319074 0.002576 0.012891
0 0.378172 0.317461 0.004026 0.012678
0 0.381553 0.310102 0.001450 0.004191
0 0.383367 0.309834 0.001852 0.009023
0 0.397578 0.317516 0.002576 0.013000
0 0.399067 0.318266 0.001852 0.007842
0 0.419278 0.307686 0.003462 0.004727
0 0.457564 0.300702 0.002253 0.007089
0 0.512722 0.300867 0.001282 0.002477
0 0.514411 0.299306 0.001450 0.005803
0 0.515941 0.299360 0.001447 0.005694
0 0.782702 0.412329 0.013102 0.013151
0 0.797253 0.422926 0.008348 0.023826
0 0.814414 0.494854 0.022029 0.066536
0 0.830472 0.510563 0.017507 0.040993
0 0.833312 0.462365 0.012522 0.050757
0 0.846739 0.420035 0.012562 0.016760
0 0.890510 0.419456 0.032658 0.012760
0 0.894423 0.426740 0.017875 0.018822
0 0.927855 0.423645 0.032756 0.014697
0 0.938322 0.470012 0.009016 0.031813
