0 0.554329 0.378084 0.010330 0.016510
0 0.540422 0.387363 0.011760 0.021148
0 0.534337 0.358505 0.002865 0.004095
0 0.531166 0.357072 0.002865 0.003954
0 0.523036 0.358984 0.003168 0.004776
0 0.498492 0.375220 0.003577 0.008868
0 0.483409 0.359188 0.002251 0.004092
0 0.487960 0.367375 0.010737 0.014191
0 0.487448 0.343770 0.003989 0.004638
0 0.491641 0.333263 0.001738 0.002730
0 0.477374 0.341518 0.002865 0.004503
0 0.471239 0.342472 0.003888 0.008595
0 0.468119 0.342405 0.003171 0.006276
0 0.459631 0.340153 0.003375 0.006688
0 0.458148 0.342132 0.004295 0.008730
0 0.454519 0.340699 0.003171 0.009688
0 0.456053 0.337561 0.001534 0.002865
0 0.483256 0.324462 0.002966 0.006687
0 0.478550 0.325418 0.002761 0.005322
0 0.530450 0.319345 0.001842 0.002454
0 0.529172 0.318868 0.001943 0.003684
0 0.544105 0.312656 0.001750 0.002720
0 0.552130 0.305974 0.002046 0.002730
0 0.550290 0.306110 0.001635 0.002181
0 0.544052 0.305224 0.001225 0.004230
0 0.520071 0.315936 0.001943 0.004911
0 0.514752 0.317640 0.002147 0.003411
0 0.509179 0.317845 0.002658 0.003276
0 0.505600 0.318253 0.002660 0.002730
0 0.485454 0.311500 0.003476 0.004776
0 0.480647 0.309181 0.002453 0.007507
0 0.460142 0.320028 0.002557 0.009003
0 0.458097 0.321324 0.003171 0.007503
0 0.444855 0.310819 0.001839 0.009961
0 0.442348 0.310954 0.002147 0.008322
0 0.431764 0.333263 0.003888 0.008184
0 0.445264 0.332581 0.002456 0.004095
0 0.446593 0.337493 0.003476 0.006822
0 0.450427 0.345610 0.002352 0.008595
0 0.448331 0.345747 0.003886 0.010507
0 0.438258 0.345201 0.002966 0.011053
0 0.424758 0.334900 0.002761 0.005457
0 0.441223 0.337084 0.003580 0.011187
0 0.417088 0.339403 0.002761 0.002727
0 0.408499 0.332035 0.003989 0.013372
0 0.404408 0.333127 0.002964 0.010372
0 0.413306 0.306725 0.002352 0.010234
0 0.431764 0.371398 0.003888 0.014053
0 0.429924 0.367783 0.005523 0.015283
0 0.419032 0.361711 0.006649 0.017329
0 0.404051 0.361849 0.005523 0.017329
0 0.381500 0.346225 0.003785 0.010641
0 0.373217 0.344997 0.002352 0.013099
0 0.372808 0.335924 0.005626 0.008322
0 0.369025 0.343359 0.002966 0.013099
0 0.359360 0.352092 0.002862 0.003546
0 0.351690 0.346702 0.002251 0.008049
0 0.356906 0.332717 0.003067 0.012007
0 0.350157 0.331421 0.002862 0.009414
0 0.341668 0.327191 0.003681 0.013237
0 0.360280 0.314911 0.004090 0.005868
0 0.366366 0.315867 0.003171 0.005049
0 0.394183 0.316890 0.001738 0.006280
0 0.391522 0.319074 0.002557 0.006003
0 0.397147 0.314502 0.003171 0.004773
0 0.437184 0.311773 0.002249 0.005046
0 0.435191 0.312378 0.002557 0.003533
0 0.327044 0.319211 0.004704 0.007914
0 0.303830 0.317845 0.003272 0.012007
0 0.302092 0.326510 0.003070 0.015145
0 0.300302 0.332173 0.004805 0.018010
0 0.296109 0.322553 0.003989 0.007230
0 0.296365 0.332171 0.003681 0.017191
0 0.292796 0.327286 0.003683 0.007072
0 0.287213 0.321212 0.002823 0.005405
0 0.285249 0.324651 0.006504 0.012934
0 0.270339 0.321212 0.002946 0.010313
0 0.268614 0.335620 0.007377 0.004747
0 0.266473 0.343635 0.004786 0.011967
0 0.259784 0.334393 0.005155 0.016372
0 0.254570 0.318347 0.002576 0.005240
0 0.253157 0.320722 0.003928 0.009661
0 0.249292 0.335712 0.009206 0.013773
0 0.241806 0.325633 0.003070 0.006714
0 0.226501 0.343752 0.005478 0.008220
0 0.259370 0.366637 0.009366 0.032773
0 0.283404 0.363926 0.003711 0.016977
0 0.278633 0.389862 0.007951 0.015559
0 0.244614 0.376304 0.007069 0.037957
0 0.238518 0.375715 0.008659 0.036780
0 0.231802 0.384556 0.009719 0.015796
0 0.216162 0.354730 0.006008 0.026408
0 0.210332 0.353081 0.003888 0.004247
0 0.204147 0.356972 0.004946 0.018155
0 0.204853 0.375243 0.015550 0.015559
0 0.199906 0.359211 0.006716 0.013204
0 0.219169 0.324669 0.003180 0.003536
0 0.187093 0.331390 0.006538 0.017918
0 0.178412 0.375956 0.017387 0.020740
0 0.194058 0.365518 0.012682 0.012687
0 0.221815 0.393696 0.013107 0.023970
0 0.220122 0.413049 0.010308 0.018664
0 0.261429 0.414130 0.013992 0.025148
0 0.285138 0.408237 0.013107 0.020039
0 0.276598 0.398903 0.004566 0.006089
0 0.320849 0.421990 0.008247 0.011789
0 0.309142 0.419141 0.007510 0.014737
0 0.298024 0.445664 0.020027 0.032026
0 0.318640 0.445273 0.023563 0.041066
0 0.362671 0.449595 0.012665 0.029276
0 0.370773 0.465406 0.006778 0.016490
0 0.396248 0.479164 0.044472 0.044796
0 0.210550 0.415801 0.024152 0.035562
0 0.205175 0.433090 0.030779 0.061497
0 0.187797 0.461383 0.010456 0.056391
0 0.132796 0.324831 0.006183 0.010806
0 0.122414 0.384561 0.013402 0.076826
0 0.153192 0.458240 0.039909 0.124763
0 0.173858 0.480964 0.026169 0.115980
0 0.120226 0.506523 0.020323 0.062480
0 0.004138 0.487896 0.008277 0.072385
0 0.040174 0.490370 0.027744 0.086760
0 0.019689 0.466559 0.039379 0.111283
0 0.198952 0.458189 0.016257 0.034661
0 0.224222 0.454062 0.027922 0.062717
0 0.238715 0.468327 0.019788 0.122839
0 0.267163 0.458896 0.019790 0.042674
0 0.262480 0.523734 0.050365 0.135099
0 0.200630 0.520436 0.028804 0.132747
0 0.212118 0.548609 0.048950 0.149480
0 0.332601 0.354117 0.004122 0.020845
0 0.325902 0.363656 0.006923 0.026523
0 0.319936 0.364530 0.008836 0.026349
0 0.352040 0.370433 0.007951 0.023970
0 0.348579 0.389296 0.005742 0.017289
0 0.345780 0.397449 0.007216 0.039885
0 0.330613 0.389395 0.008395 0.027309
0 0.326636 0.383599 0.008099 0.026329
0 0.319348 0.381632 0.006773 0.023184
0 0.316550 0.349508 0.006186 0.009628
0 0.360727 0.415623 0.006479 0.031043
0 0.508637 0.487539 0.058087 0.023605
0 0.415976 0.429970 0.010651 0.017691
0 0.431707 0.445391 0.022384 0.043816
0 0.427585 0.428493 0.018262 0.010809
0 0.443416 0.430556 0.009573 0.012967
0 0.428542 0.400201 0.006038 0.024559
0 0.337220 0.312809 0.002966 0.012007
0 0.385080 0.308990 0.002966 0.011461
0 0.340800 0.313219 0.003375 0.010095
0 0.251571 0.335581 0.009206 0.011490
0 0.267321 0.340916 0.002660 0.005457
0 0.283071 0.344125 0.004500 0.015691
0 0.237716 0.328979 0.007670 0.006141
0 0.236079 0.330138 0.010328 0.007638
0 0.205451 0.331709 0.004704 0.009141
0 0.225290 0.359610 0.004090 0.008457
0 0.718973 0.546461 0.033134 0.071125
0 0.719857 0.535457 0.039320 0.073875
0 0.663676 0.540762 0.037406 0.067589
0 0.576276 0.501661 0.020762 0.027507
0 0.364490 0.398824 0.010173 0.041062
0 0.605212 0.498518 0.038289 0.037332
0 0.652484 0.493607 0.024149 0.053444
0 0.632676 0.515711 0.012517 0.040671
0 0.612575 0.513253 0.032986 0.031829
0 0.508637 0.486107 0.059724 0.022378
0 0.987420 0.627178 0.025160 0.046934
0 0.961464 0.638179 0.037012 0.057201
0 0.924808 0.572704 0.048950 0.057059
0 0.870467 0.565276 0.026506 0.030414
0 0.845639 0.549717 0.046124 0.078513
0 0.955909 0.493013 0.007246 0.008487
0 0.843871 0.437605 0.010779 0.027349
0 0.833799 0.430651 0.006183 0.037961
0 0.733602 0.397171 0.011134 0.006836
0 0.687744 0.388329 0.003536 0.008487
0 0.669855 0.391018 0.002628 0.003411
0 0.673004 0.388043 0.002424 0.004645
0 0.675060 0.388753 0.004830 0.009099
0 0.692803 0.472543 0.017377 0.063855
0 0.636403 0.330391 0.003536 0.012184
0 0.654000 0.336285 0.002502 0.003536
0 0.665300 0.334870 0.002300 0.005003
0 0.655200 0.315599 0.001193 0.001704
0 0.657286 0.316087 0.001405 0.001773
0 0.661593 0.315428 0.002387 0.002954
0 0.626733 0.355230 0.002352 0.003822
0 0.612118 0.381974 0.010330 0.009276
0 0.598918 0.376107 0.003171 0.004365
0 0.591503 0.377539 0.004909 0.006684
0 0.597126 0.343974 0.009613 0.009414
0 0.583628 0.341655 0.002453 0.004500
0 0.565833 0.348750 0.008180 0.009414
