0 0.284299 0.338291 0.004347 0.021694
0 0.226644 0.344724 0.004601 0.018908
0 0.214983 0.346711 0.006627 0.011197
0 0.143279 0.324118 0.006331 0.008447
0 0.180191 0.317992 0.004233 0.008924
0 0.184546 0.318979 0.004970 0.007457
0 0.189700 0.323558 0.005214 0.015141
0 0.207000 0.336372 0.004354 0.015395
0 0.211049 0.327081 0.002271 0.003510
0 0.215097 0.327526 0.002394 0.004092
0 0.241840 0.347327 0.012088 0.009530
0 0.246256 0.319793 0.004233 0.014816
0 0.260398 0.321919 0.003558 0.011049
0 0.255828 0.338414 0.002515 0.015717
0 0.268189 0.338291 0.005890 0.018418
0 0.273894 0.321758 0.003804 0.015470
0 0.269110 0.326095 0.006504 0.008757
0 0.281409 0.338742 0.003129 0.019155
0 0.483830 0.317227 0.002813 0.004572
0 0.493876 0.304470 0.004398 0.004980
0 0.507398 0.320910 0.002606 0.008391
0 0.510083 0.323127 0.001738 0.002319
0 0.520921 0.321081 0.002453 0.007365
0 0.543773 0.322546 0.003479 0.004434
0 0.570407 0.374977 0.007436 0.007270
0 0.756663 0.347827 0.013987 0.002536
0 0.599320 0.340936 0.002199 0.002727
0 0.583309 0.325286 0.001677 0.002336
0 0.595032 0.324891 0.001652 0.002599
0 0.596955 0.324891 0.001849 0.002533
0 0.595015 0.305447 0.001144 0.001868
0 0.596514 0.305610 0.001105 0.001477
0 0.679413 0.527827 0.040153 0.044911
0 0.743246 0.544347 0.068282 0.033681
0 0.621229 0.416995 0.012744 0.020852
0 0.751299 0.414590 0.010814 0.017964
0 0.298711 0.326832 0.003131 0.010230
0 0.337268 0.325072 0.002332 0.008513
0 0.343833 0.315086 0.002700 0.012276
0 0.360949 0.375206 0.007732 0.029385
0 0.369716 0.379910 0.004472 0.022056
0 0.403395 0.376442 0.007500 0.012049
0 0.389826 0.349612 0.003962 0.018414
0 0.412224 0.342752 0.005611 0.016161
0 0.414072 0.331362 0.001561 0.002368
0 0.415668 0.329765 0.003166 0.005010
0 0.384380 0.316997 0.002724 0.007954
0 0.377096 0.316326 0.003205 0.012875
0 0.391285 0.315753 0.003989 0.011461
0 0.393892 0.317459 0.001738 0.008595
0 0.395979 0.316694 0.001943 0.009211
0 0.424888 0.310337 0.003834 0.008937
0 0.427854 0.307405 0.004347 0.004842
0 0.438744 0.332745 0.002300 0.002457
0 0.433693 0.325870 0.005035 0.009194
0 0.456249 0.325786 0.003272 0.007638
0 0.460466 0.327969 0.004344 0.004365
0 0.465042 0.324628 0.003476 0.006684
0 0.470128 0.329163 0.002608 0.004707
0 0.472454 0.329505 0.001738 0.003753
0 0.204835 0.356798 0.010306 0.015714
0 0.444004 0.310201 0.001893 0.009757
0 0.447685 0.309929 0.004246 0.011391
0 0.451902 0.311258 0.003785 0.010365
0 0.462613 0.313406 0.002096 0.008661
0 0.465578 0.307403 0.002813 0.008799
0 0.465502 0.314327 0.002759 0.008595
0 0.475113 0.317465 0.001943 0.007503
0 0.480533 0.320127 0.001534 0.001365
0 0.312512 0.379781 0.006095 0.037128
0 0.475656 0.435258 0.008905 0.023694
0 0.455513 0.423127 0.011874 0.047240
0 0.408765 0.441373 0.012303 0.057707
0 0.361906 0.433099 0.013358 0.055020
0 0.293687 0.431331 0.015160 0.052332
0 0.285418 0.419309 0.009859 0.021500
0 0.285206 0.424401 0.004983 0.017257
0 0.232625 0.420229 0.019189 0.029280
0 0.233473 0.380199 0.011344 0.039181
0 0.198431 0.338822 0.003829 0.008217
0 0.250327 0.381686 0.009864 0.040372
0 0.244732 0.378837 0.004859 0.026030
0 0.262216 0.369850 0.009497 0.032023
0 0.273370 0.369900 0.009571 0.035260
0 0.243554 0.392786 0.003977 0.016993
0 0.202257 0.404804 0.015461 0.026931
