0 0.476680 0.266668 0.012320 0.013750
0 0.028670 0.598941 0.045703 0.061434
0 0.131670 0.706339 0.037739 0.169987
0 0.298374 0.665457 0.039470 0.142737
0 0.340456 0.530188 0.026647 0.047322
0 0.294774 0.509066 0.013824 0.035020
0 0.452390 0.814709 0.169071 0.041984
0 0.545148 0.797984 0.065493 0.110875
0 0.768025 0.743510 0.061164 0.161289
0 0.714147 0.279433 0.010468 0.030510
0 0.749343 0.281237 0.008937 0.030079
0 0.998296 0.260475 0.003407 0.026299
0 0.934663 0.260982 0.007793 0.025063
0 0.929585 0.259775 0.004593 0.011878
0 0.915254 0.254299 0.004591 0.023947
0 0.920192 0.255691 0.006958 0.021533
0 0.905445 0.255597 0.006122 0.022464
0 0.898487 0.256063 0.005288 0.011138
0 0.500312 0.266831 0.009500 0.013859
