0 0.266617 0.355308 0.007421 0.030628
0 0.365396 0.307900 0.005264 0.007523
0 0.442735 0.421533 0.010185 0.022500
0 0.436140 0.417523 0.006344 0.030520
0 0.530502 0.326521 0.004194 0.003878
0 0.503801 0.325663 0.002123 0.002312
0 0.499747 0.325553 0.004978 0.003730
0 0.485963 0.325663 0.001901 0.003207
0 0.481211 0.326521 0.001677 0.002536
0 0.474668 0.326298 0.001901 0.003135
0 0.471090 0.326148 0.001790 0.002237
0 0.469412 0.326036 0.001344 0.002164
0 0.457363 0.313615 0.001733 0.005671
0 0.452498 0.325140 0.002742 0.003655
0 0.442964 0.323836 0.002347 0.003434
0 0.435724 0.325887 0.002069 0.002464
0 0.474445 0.335847 0.005256 0.007760
0 0.467316 0.335883 0.004529 0.007832
0 0.454175 0.335771 0.002739 0.004924
0 0.442853 0.333197 0.003466 0.010967
0 0.436981 0.332378 0.002236 0.003507
0 0.398728 0.317957 0.006879 0.008803
0 0.381312 0.312174 0.003254 0.012908
0 0.374292 0.312692 0.003299 0.013063
0 0.361691 0.332457 0.007737 0.013118
0 0.301955 0.317441 0.004137 0.006414
0 0.295133 0.316660 0.004137 0.006490
0 0.291052 0.315689 0.004697 0.006641
0 0.289374 0.319008 0.004586 0.007161
0 0.282887 0.318711 0.008723 0.004178
0 0.274779 0.341202 0.007271 0.014102
0 0.329289 0.387484 0.014263 0.043007
0 0.319954 0.372556 0.006260 0.020882
0 0.305925 0.378745 0.013915 0.032332
0 0.311084 0.408215 0.015885 0.025990
0 0.304707 0.412623 0.012638 0.022740
0 0.278155 0.399630 0.009391 0.043780
0 0.266503 0.393054 0.011132 0.047030
0 0.269808 0.394214 0.003826 0.044711
0 0.261171 0.392977 0.007194 0.045947
0 0.266271 0.357783 0.010436 0.012993
0 0.258908 0.357704 0.007303 0.015625
0 0.262039 0.348811 0.004290 0.007115
0 0.259835 0.346179 0.005217 0.008352
0 0.251139 0.360877 0.004985 0.017016
0 0.248356 0.359484 0.004522 0.010829
0 0.245284 0.378436 0.008812 0.044707
0 0.237573 0.366523 0.009391 0.036664
0 0.231661 0.367760 0.006146 0.025836
0 0.219427 0.330711 0.002784 0.006809
0 0.217573 0.334113 0.005333 0.013615
0 0.223312 0.341385 0.006842 0.025059
0 0.213339 0.340303 0.008000 0.023204
0 0.204993 0.335428 0.005912 0.006961
0 0.205108 0.362191 0.019132 0.008507
0 0.208062 0.358257 0.005325 0.007105
0 0.192122 0.360258 0.008464 0.029391
0 0.183194 0.353375 0.005683 0.015934
0 0.180584 0.353762 0.008116 0.015161
0 0.176236 0.361495 0.008232 0.011451
0 0.161338 0.378202 0.009278 0.028464
0 0.171368 0.359097 0.004058 0.013148
0 0.230849 0.407750 0.024697 0.041461
0 0.204180 0.400711 0.015885 0.050586
0 0.355307 0.446936 0.031654 0.031405
0 0.803707 0.403255 0.026714 0.009839
0 0.111553 0.322094 0.011548 0.014109
