0 0.305901 0.388227 0.001970 0.002941
0 0.879665 0.615873 0.050424 0.059701
0 0.822898 0.598832 0.043745 0.037204
0 0.831495 0.613090 0.080979 0.064826
0 0.771138 0.598944 0.022374 0.035645
0 0.635144 0.569536 0.026211 0.048559
0 0.225009 0.497998 0.023040 0.062819
0 0.232506 0.476127 0.010205 0.018102
0 0.141604 0.477720 0.016117 0.025678
0 0.143865 0.475554 0.025974 0.028464
0 0.046526 0.418161 0.007535 0.028467
0 0.092848 0.406637 0.005567 0.024286
0 0.007626 0.414681 0.009043 0.013151
0 0.015221 0.453046 0.014263 0.025836
0 0.114820 0.391322 0.004753 0.015316
0 0.140095 0.400294 0.007769 0.011911
0 0.177025 0.418857 0.007187 0.012530
0 0.130414 0.406405 0.005799 0.009592
0 0.126066 0.405166 0.005915 0.008661
0 0.255696 0.412128 0.006378 0.008974
0 0.267234 0.409189 0.007653 0.019490
0 0.225953 0.392171 0.007414 0.011447
0 0.263603 0.365962 0.002281 0.006984
0 0.371940 0.356097 0.002214 0.005819
