0 0.494364 0.433329 0.003200 0.003526
0 0.522748 0.430635 0.007931 0.011138
0 0.342703 0.526334 0.029080 0.093747
0 0.418956 0.567923 0.034376 0.019878
0 0.399124 0.555627 0.015860 0.022089
0 0.061495 0.396689 0.005796 0.017016
0 0.074945 0.409607 0.006723 0.025832
0 0.231076 0.354056 0.001738 0.008250
0 0.800899 0.463035 0.006812 0.010694
0 0.253590 0.355087 0.002125 0.008510
0 0.318665 0.414247 0.004736 0.013921
0 0.370068 0.414505 0.002996 0.003865
0 0.361325 0.413924 0.006571 0.006316
0 0.365768 0.420049 0.004638 0.006961
0 0.404516 0.409541 0.003479 0.003997
0 0.016506 0.398933 0.007885 0.015312
0 0.105975 0.498618 0.037986 0.030816
0 0.253113 0.513283 0.025047 0.043441
0 0.046421 0.438536 0.010668 0.038211
0 0.028914 0.436678 0.006028 0.016243
0 0.022189 0.427860 0.009275 0.033878
0 0.057205 0.440160 0.011827 0.033727
0 0.059639 0.377816 0.003247 0.015467
0 0.061727 0.379363 0.003711 0.012997
0 0.066075 0.378977 0.004058 0.015007
0 0.056625 0.396766 0.005799 0.018408
