0 0.464036 0.316099 0.003289 0.005013
0 0.500138 0.300498 0.001903 0.005595
0 0.501759 0.301431 0.001230 0.004329
0 0.503353 0.300798 0.001958 0.006043
0 0.108114 0.327643 0.011208 0.012891
0 0.171160 0.320229 0.006280 0.007089
0 0.200438 0.327255 0.002803 0.012378
0 0.203384 0.328673 0.005796 0.015470
0 0.298079 0.367309 0.007165 0.017079
0 0.304964 0.371015 0.010791 0.012464
0 0.311365 0.372788 0.004751 0.018372
0 0.319859 0.368974 0.008052 0.026855
0 0.332341 0.376225 0.006442 0.010207
0 0.044326 0.424539 0.021437 0.101849
0 0.197299 0.473058 0.029253 0.107997
0 0.258691 0.416401 0.015266 0.021013
0 0.264730 0.430452 0.031787 0.010701
0 0.228835 0.429617 0.034786 0.014694
0 0.218834 0.416914 0.015750 0.010184
0 0.206998 0.409051 0.015846 0.024365
0 0.242652 0.386622 0.007922 0.013020
0 0.249705 0.385849 0.007537 0.016888
0 0.260865 0.389457 0.016716 0.018434
0 0.261880 0.388039 0.003863 0.006059
0 0.220767 0.380755 0.011307 0.019339
0 0.192403 0.371079 0.013730 0.013678
0 0.193229 0.357291 0.004347 0.011345
0 0.200814 0.361352 0.010434 0.014053
0 0.204486 0.353618 0.007345 0.013276
0 0.206805 0.353296 0.005025 0.009283
0 0.197964 0.341500 0.004926 0.010184
0 0.200668 0.338020 0.005700 0.009151
0 0.219511 0.348067 0.005121 0.022832
0 0.213278 0.320423 0.003479 0.008253
0 0.227627 0.327383 0.003188 0.003609
0 0.227675 0.337890 0.004058 0.016115
0 0.270044 0.366832 0.015557 0.014954
0 0.235502 0.345367 0.003286 0.003997
0 0.239416 0.347431 0.009758 0.016632
0 0.248836 0.343112 0.007150 0.011342
0 0.255985 0.328480 0.003479 0.007092
0 0.256130 0.339117 0.004154 0.019595
0 0.236082 0.321067 0.005025 0.011345
0 0.243425 0.324612 0.006765 0.008382
0 0.239464 0.323452 0.001738 0.003740
0 0.269513 0.335312 0.012754 0.005546
0 0.287823 0.354005 0.007051 0.022043
0 0.276132 0.342854 0.003960 0.011089
0 0.276421 0.318553 0.004154 0.007349
0 0.280817 0.318747 0.002512 0.011342
0 0.269851 0.315202 0.002029 0.006576
0 0.285214 0.318553 0.003575 0.010184
0 0.291350 0.329832 0.002320 0.006961
0 0.299339 0.325587 0.004428 0.007878
0 0.314773 0.348507 0.002954 0.008237
0 0.317960 0.345908 0.003558 0.006625
0 0.317893 0.350743 0.005032 0.007875
0 0.321986 0.349758 0.004899 0.007701
0 0.312961 0.336734 0.003353 0.006178
0 0.320006 0.328765 0.003356 0.009937
0 0.326280 0.321021 0.009058 0.007161
0 0.343826 0.316544 0.001474 0.005549
0 0.338157 0.316053 0.001945 0.009039
0 0.349429 0.320753 0.003957 0.006447
0 0.347316 0.320036 0.001477 0.003941
0 0.352886 0.318247 0.002281 0.011461
0 0.382611 0.312158 0.001208 0.003941
0 0.384523 0.311620 0.001945 0.004477
0 0.389555 0.321558 0.009864 0.003043
0 0.408476 0.301684 0.002214 0.006086
0 0.411630 0.305757 0.002751 0.011368
0 0.414449 0.344477 0.003957 0.006625
0 0.404384 0.341118 0.002885 0.003671
0 0.404954 0.344745 0.004026 0.003582
0 0.399016 0.344610 0.002885 0.004924
0 0.397808 0.354727 0.005567 0.004566
0 0.406531 0.353429 0.004226 0.008595
0 0.412067 0.353697 0.003489 0.005013
0 0.421494 0.349535 0.007179 0.013339
0 0.415959 0.333465 0.002954 0.009313
0 0.421092 0.334406 0.003289 0.005102
0 0.452864 0.312650 0.002147 0.009937
0 0.477557 0.321066 0.002549 0.003132
0 0.454037 0.304817 0.001275 0.005549
0 0.446690 0.311352 0.001881 0.008954
0 0.445012 0.310457 0.002012 0.011283
0 0.438606 0.310681 0.002621 0.008684
0 0.442061 0.310681 0.001879 0.009224
0 0.449677 0.313413 0.002214 0.005372
0 0.455547 0.313770 0.002682 0.007520
0 0.457728 0.303564 0.001142 0.005911
0 0.461150 0.305712 0.001945 0.007161
0 0.463264 0.306206 0.002012 0.008148
0 0.574283 0.418528 0.004541 0.005543
0 0.531188 0.321454 0.002416 0.005803
0 0.528725 0.321067 0.003092 0.006576
0 0.518047 0.316232 0.002801 0.003609
0 0.514279 0.315974 0.002996 0.004125
0 0.507467 0.315717 0.002320 0.005414
0 0.509013 0.317135 0.001161 0.002579
0 0.513071 0.341952 0.002320 0.002451
0 0.504326 0.338987 0.004154 0.003224
0 0.501718 0.341049 0.002416 0.004513
0 0.509979 0.357035 0.003863 0.005030
0 0.502538 0.354650 0.003671 0.005931
0 0.491524 0.359161 0.003284 0.005158
0 0.490751 0.364512 0.004445 0.005543
0 0.487660 0.359355 0.004058 0.004770
0 0.486065 0.338276 0.003190 0.005414
0 0.489689 0.324419 0.002130 0.004253
0 0.490413 0.326482 0.002029 0.003740
0 0.493776 0.327357 0.001566 0.002161
0 0.488519 0.309562 0.002202 0.006342
0 0.482432 0.308867 0.001393 0.005260
0 0.480577 0.327584 0.003013 0.005569
0 0.478664 0.344988 0.001972 0.003247
0 0.483881 0.341817 0.003826 0.007424
0 0.468095 0.340939 0.004159 0.005819
0 0.463331 0.340314 0.005099 0.010115
0 0.457560 0.340717 0.004292 0.006625
0 0.447696 0.338747 0.004026 0.010921
0 0.450280 0.329480 0.003286 0.005283
0 0.471282 0.321289 0.002081 0.007520
0 0.468094 0.314485 0.002549 0.009668
0 0.460446 0.313947 0.003087 0.008237
0 0.930489 0.583974 0.071654 0.026546
0 0.871008 0.566059 0.035064 0.046408
0 0.895427 0.575712 0.022678 0.027845
0 0.954352 0.630939 0.025602 0.049194
0 0.981379 0.611760 0.037241 0.196993
0 0.759483 0.541064 0.019435 0.030740
0 0.741953 0.538125 0.051292 0.039296
0 0.692464 0.559778 0.042877 0.066563
0 0.613000 0.522164 0.027480 0.014697
0 0.543664 0.513967 0.035133 0.040066
0 0.530044 0.509322 0.019704 0.028921
0 0.515895 0.478696 0.040814 0.035115
0 0.490849 0.475600 0.010900 0.013766
0 0.489990 0.480002 0.008925 0.024734
0 0.471254 0.488743 0.029450 0.045651
0 0.422904 0.430738 0.006958 0.010674
0 0.427194 0.443424 0.027825 0.046875
0 0.391309 0.478308 0.046958 0.047957
0 0.363134 0.460518 0.011711 0.016089
0 0.366207 0.447757 0.020407 0.026763
0 0.337335 0.451467 0.023654 0.039447
0 0.350089 0.471424 0.010897 0.015316
0 0.323770 0.425401 0.009970 0.020421
0 0.336524 0.412640 0.009507 0.043470
0 0.314783 0.445512 0.013565 0.036819
0 0.284578 0.421533 0.006726 0.010520
0 0.287362 0.410938 0.006031 0.013151
0 0.292558 0.467689 0.031447 0.116766
0 0.341312 0.598271 0.060010 0.204016
0 0.795356 0.434628 0.005412 0.006059
0 0.769026 0.431018 0.007441 0.010701
0 0.740764 0.385706 0.003866 0.005931
0 0.710520 0.386737 0.008309 0.007737
0 0.702597 0.387962 0.003671 0.003997
0 0.764195 0.337942 0.008405 0.007089
0 0.747189 0.337428 0.002608 0.003480
0 0.754000 0.302618 0.002512 0.004513
0 0.705206 0.337891 0.003188 0.004125
0 0.703077 0.332737 0.001440 0.002316
0 0.701003 0.332734 0.001741 0.002579
0 0.689410 0.319067 0.001546 0.002062
0 0.682306 0.401188 0.005703 0.015987
0 0.678151 0.401574 0.005700 0.015470
0 0.629792 0.338342 0.006378 0.003480
0 0.615878 0.360901 0.004832 0.003480
0 0.614090 0.374567 0.006474 0.013536
0 0.601432 0.375597 0.006474 0.010957
0 0.597036 0.372053 0.010049 0.017789
0 0.590708 0.359806 0.002801 0.002579
0 0.600949 0.338470 0.002608 0.004257
0 0.618052 0.319199 0.001450 0.002062
0 0.579596 0.354714 0.003767 0.004513
0 0.571866 0.361870 0.008018 0.010056
0 0.576600 0.359355 0.004541 0.004770
0 0.542445 0.366123 0.005219 0.007990
0 0.565441 0.348720 0.002899 0.002836
0 0.534232 0.379918 0.005604 0.014954
