0 0.555353 0.568937 0.049921 0.054803
0 0.611875 0.575661 0.012290 0.021039
0 0.886511 0.495327 0.014226 0.046247
0 0.858360 0.510697 0.010819 0.015507
0 0.349162 0.517493 0.018782 0.071625
0 0.333856 0.516025 0.018087 0.070852
0 0.287140 0.356530 0.002002 0.006684
0 0.235965 0.358980 0.004509 0.010691
0 0.227701 0.412666 0.011018 0.009799
0 0.189466 0.417122 0.004342 0.007132
0 0.206747 0.416454 0.007512 0.006684
0 0.152483 0.382036 0.005178 0.008243
0 0.014153 0.404424 0.009016 0.016487
0 0.056060 0.395513 0.003674 0.013368
0 0.052138 0.389498 0.003506 0.014701
0 0.088284 0.409436 0.006011 0.024280
0 0.021165 0.429039 0.008015 0.034974
0 0.049967 0.459002 0.009184 0.017819
0 0.055142 0.457442 0.013858 0.024503
0 0.060068 0.476712 0.010017 0.019826
0 0.078183 0.467801 0.014191 0.043438
0 0.124850 0.470363 0.011686 0.036089
0 0.144553 0.479385 0.015027 0.033638
0 0.165589 0.481280 0.017032 0.035197
0 0.219936 0.501549 0.016864 0.017375
0 0.254080 0.471701 0.015695 0.040099
0 0.242060 0.497651 0.006679 0.018934
0 0.277289 0.473372 0.014692 0.051013
0 0.291431 0.474707 0.017197 0.050789
0 0.320567 0.515286 0.014196 0.075757
0 0.311821 0.356008 0.002014 0.003490
0 0.242784 0.360651 0.002461 0.007684
0 0.241638 0.357929 0.001733 0.006266
0 0.095317 0.475030 0.004988 0.006342
