0 0.222073 0.510673 0.028383 0.096924
0 0.200535 0.454317 0.030720 0.087089
0 0.202456 0.493419 0.018200 0.077523
0 0.186594 0.523826 0.020870 0.081309
0 0.147523 0.486513 0.029554 0.144796
0 0.137294 0.446414 0.017113 0.102474
0 0.150582 0.410959 0.014191 0.027845
0 0.066335 0.380235 0.012384 0.084095
0 0.082197 0.380235 0.014887 0.077411
0 0.112168 0.326469 0.005234 0.008905
0 0.182639 0.361411 0.008617 0.032658
0 0.207239 0.344383 0.005153 0.010635
0 0.210338 0.344921 0.003462 0.009776
0 0.248988 0.365923 0.010387 0.038030
0 0.243471 0.361572 0.004349 0.020092
0 0.256476 0.362592 0.007650 0.023421
0 0.275113 0.366245 0.007574 0.024280
0 0.276001 0.353408 0.005473 0.009993
0 0.271411 0.365600 0.003380 0.023635
0 0.307283 0.368232 0.011031 0.023312
0 0.337438 0.326336 0.004670 0.015789
0 0.348549 0.326066 0.005313 0.016329
0 0.388494 0.313109 0.002505 0.005757
0 0.424878 0.308931 0.003755 0.011138
