0 0.296871 0.392673 0.010020 0.039168
0 0.306680 0.392209 0.010155 0.042326
0 0.271061 0.323337 0.004036 0.007056
0 0.273983 0.320181 0.003479 0.007053
0 0.278157 0.313868 0.003755 0.007796
0 0.280105 0.313776 0.003479 0.007980
0 0.316976 0.321388 0.004869 0.014664
0 0.323098 0.321946 0.004869 0.013181
0 0.417294 0.312383 0.005427 0.008168
0 0.446235 0.308763 0.002924 0.009467
0 0.435800 0.383113 0.009046 0.018194
0 0.219163 0.362137 0.010994 0.013365
0 0.207192 0.360465 0.004305 0.013365
0 0.200588 0.367891 0.015303 0.034158
0 0.207823 0.396201 0.007791 0.044737
0 0.213597 0.392951 0.006262 0.020421
0 0.204136 0.382648 0.011827 0.035829
0 0.189040 0.388125 0.010298 0.051605
0 0.215546 0.372345 0.010436 0.015592
0 0.219163 0.371418 0.006817 0.011138
0 0.228068 0.379586 0.006817 0.040467
0 0.235789 0.375688 0.008348 0.017822
0 0.250052 0.390260 0.010715 0.028033
0 0.868898 0.377939 0.025163 0.007115
0 0.242191 0.417456 0.030609 0.038240
0 0.224729 0.402234 0.005148 0.007796
0 0.300976 0.437311 0.017115 0.015240
0 0.295341 0.434812 0.035062 0.033599
0 0.266261 0.410401 0.015303 0.059033
0 0.270852 0.381535 0.008627 0.025431
0 0.283515 0.392952 0.008627 0.033043
0 0.288105 0.390074 0.008070 0.039911
