0 0.051336 0.387263 0.005217 0.010355
0 0.327758 0.369916 0.001457 0.002418
0 0.329834 0.370319 0.001847 0.002651
0 0.344214 0.365535 0.002485 0.002747
0 0.347266 0.365535 0.002130 0.002938
0 0.363817 0.363523 0.004241 0.004704
0 0.365838 0.365694 0.002022 0.002664
0 0.367576 0.365069 0.002342 0.003651
0 0.372633 0.363312 0.001977 0.002934
0 0.434974 0.334862 0.001847 0.004224
0 0.437144 0.334941 0.001679 0.003868
0 0.634241 0.616862 0.095212 0.019401
0 0.617277 0.552424 0.020427 0.078987
0 0.641511 0.560970 0.033585 0.103474
0 0.671460 0.556350 0.025621 0.103470
0 0.833836 0.619405 0.020774 0.063283
0 0.858245 0.628873 0.039122 0.057280
0 0.586175 0.399946 0.009184 0.032747
0 0.850126 0.349260 0.006262 0.011757
0 0.322970 0.534278 0.056003 0.017944
0 0.315084 0.533273 0.010784 0.006033
0 0.379262 0.550444 0.055885 0.024599
0 0.295314 0.529327 0.011827 0.018253
0 0.288591 0.531571 0.011132 0.014385
0 0.291837 0.473946 0.006494 0.009280
0 0.236646 0.470234 0.011595 0.029704
0 0.201044 0.514245 0.024825 0.017484
0 0.180238 0.507901 0.024233 0.026763
0 0.096188 0.489061 0.009344 0.021997
0 0.101409 0.479163 0.019416 0.025661
0 0.083457 0.477452 0.010256 0.063793
0 0.088861 0.469875 0.008609 0.036414
0 0.117163 0.469997 0.011358 0.041059
0 0.119177 0.410484 0.006598 0.008553
0 0.116981 0.421727 0.010259 0.016375
0 0.032064 0.492470 0.048195 0.015178
0 0.038119 0.484663 0.008609 0.012220
0 0.036286 0.450811 0.011906 0.029576
0 0.021174 0.463031 0.009527 0.048148
0 0.009724 0.435291 0.015937 0.019063
0 0.012838 0.420015 0.008245 0.010997
0 0.020349 0.419648 0.005678 0.010263
0 0.043384 0.390400 0.004578 0.019010
0 0.047837 0.385225 0.003563 0.009674
0 0.058205 0.382847 0.003180 0.013747
0 0.060685 0.382339 0.003560 0.013750
0 0.064820 0.381829 0.004961 0.013408
0 0.067936 0.382169 0.003817 0.013069
0 0.072707 0.382933 0.004453 0.014595
0 0.065074 0.399396 0.006233 0.018668
0 0.070926 0.402706 0.005722 0.021556
0 0.071944 0.398803 0.003942 0.010013
0 0.084602 0.385393 0.004071 0.014766
0 0.095796 0.388959 0.002288 0.007299
0 0.093188 0.386498 0.003688 0.013918
0 0.090134 0.398293 0.005471 0.020197
0 0.110362 0.398803 0.004453 0.018842
0 0.117841 0.378661 0.002931 0.007822
0 0.137770 0.369398 0.003711 0.015559
0 0.131056 0.384067 0.005831 0.013543
0 0.191926 0.441523 0.006538 0.007072
0 0.169354 0.380413 0.004507 0.010740
0 0.172092 0.407582 0.004859 0.016276
0 0.178895 0.394669 0.004152 0.014260
0 0.192897 0.397918 0.004063 0.015099
0 0.195856 0.396967 0.004152 0.011553
0 0.223728 0.421615 0.008304 0.008487
0 0.230133 0.419480 0.005035 0.005421
0 0.233225 0.422132 0.005035 0.008132
0 0.185950 0.378293 0.002394 0.008842
0 0.190461 0.376410 0.005276 0.013753
0 0.192024 0.379110 0.002268 0.006385
0 0.194878 0.379479 0.002823 0.012359
0 0.203068 0.379970 0.004233 0.005322
0 0.212424 0.386887 0.005030 0.004911
0 0.202731 0.386559 0.004909 0.008678
0 0.204448 0.369903 0.002697 0.011543
0 0.217055 0.370516 0.003005 0.012770
0 0.221748 0.383613 0.002821 0.011622
0 0.223865 0.382673 0.002882 0.014161
0 0.223804 0.396997 0.004601 0.014651
0 0.234324 0.391234 0.004906 0.010493
0 0.269232 0.403053 0.006501 0.011704
0 0.302146 0.395592 0.004480 0.006947
0 0.320182 0.402382 0.005582 0.005487
0 0.325889 0.400253 0.005461 0.010066
0 0.272759 0.390431 0.004724 0.007941
0 0.271779 0.384005 0.004357 0.007365
0 0.283374 0.369681 0.001901 0.003112
0 0.230153 0.359701 0.002579 0.007211
0 0.232760 0.359618 0.003005 0.007684
0 0.251441 0.354169 0.002088 0.008595
0 0.253373 0.357895 0.002761 0.010638
0 0.256072 0.357118 0.002392 0.009086
0 0.277546 0.348686 0.002147 0.007286
0 0.282729 0.361332 0.004295 0.008513
0 0.290244 0.357158 0.001410 0.007204
0 0.298312 0.354171 0.001472 0.007776
0 0.327832 0.343821 0.001501 0.005069
0 0.341531 0.344558 0.001637 0.005865
0 0.310680 0.369135 0.002165 0.002559
